1 303.6389300381494 285.60386582430806 310.87627301123996 -0.6910058766411987 -0.47156195044051663 -0.5478505319373745 -0.2854672044185695 -0.5182735266544762 0.8061643919019112 0.6640928802876723 -0.7134576921344875 -0.22351458092337972 
2 309.1013740686689 302.65337189236254 310.67232229817967 0.963969285690458 -0.25435556336749143 -0.07788750624737005 -0.10872710160533393 -0.6439553376881919 0.7572977884817769 0.24277898101345394 0.7215433254121981 0.6484085100699833 
3 286.98084950200996 289.0282997542055 320.67692786184296 -0.9791633564565738 -0.10680053091319813 0.17272164881495214 0.20243454054847654 -0.4458849919753295 0.8718984061942581 0.016105221688097148 -0.8886957975189372 -0.45821436174192276 
4 319.0727591724916 302.3851568732879 293.600301149602 -0.4309788403127546 -0.2143204614762898 0.8765409168973594 0.8952794290614757 0.01990851390180062 0.4450599903086993 -0.11283608953714222 0.9765604901217394 0.18329655215293625 
5 295.7954774560259 290.1902647668792 293.1428998771027 0.7351791986961151 0.5992110705825827 0.3169505303605172 -0.6571097447914024 0.5151261022303077 0.5503197998447708 -0.16648822512333566 0.612854951593184 -0.7724574287318346 
6 286.2483894564355 315.24172776967004 293.36356639014775 0.7000151083928734 -0.6966595776193563 0.15698497040460196 -0.3907461712681618 -0.18965383465081276 0.900749050869061 0.5977426516996992 0.6918792206111276 0.40497761225227086 
7 292.41590562511203 318.4560878459687 305.99897606062933 -0.9717190023877119 -0.03467680932927525 -0.23358017744100387 -0.16173293945238384 -0.6230034180497089 0.7653164034531542 0.17205997993351496 -0.7814501007697937 -0.5997758775677443 
8 294.65278809176334 306.4938858847326 301.35667428373915 -0.1308625233728963 0.8412783893192939 0.5245242336068111 0.6479758193551083 -0.32784633056214896 0.6874911789019627 0.7503348169367821 0.4298458505107018 -0.502225255529008 
9 292.00566682028835 302.14141308856296 316.61094760222255 -0.7384664443596893 -0.5144525772016483 -0.43589661201406477 -0.3197081669747423 -0.3020303944485022 0.8980892654958818 0.5936783628568655 -0.8025684934258658 -0.0585646210243688 
10 300.3407375630489 304.1866051027985 290.762436413447 0.8326154565675232 -0.07036810276294599 0.5493631145229888 -0.5510390707827121 -0.20508159801134382 0.8088865684557005 -0.05574445224220645 0.9762119996551246 0.2095296823210484 
11 305.5623162301252 309.6117019612361 280.5212611951763 0.594611684661517 -0.7963338919350283 -0.11085701159422948 -0.06753266808448648 -0.1868594768353698 0.9800626891470783 0.801171818778833 0.5752702568988096 0.16488738072452452 
12 313.6000665437695 306.8155561231022 289.2326472335306 -0.6208376358068716 0.5873310772558056 0.5192329300567031 0.7529052292022851 0.6312359208038588 0.18621205150784195 -0.21839035190591433 0.5065406380305921 -0.8340996560471486 
13 310.0156582686843 316.45632478172934 288.15555814578704 0.5017026955424023 0.12733403567385065 0.855616998805247 -0.21708814920170202 0.9759868606036262 -0.017955038436541094 0.8373572360478336 0.17673621951396568 -0.5172979489136256 
14 284.27289754717464 285.78036986967766 315.28361302711426 0.5309083823794488 0.20593678602094315 -0.8220257475788707 0.1757409700539379 -0.9756906852054317 -0.1309305092324022 0.8290062731751419 0.07495149742813206 0.5541938939302228 
15 305.45630239137677 298.7101021455822 321.9150859769056 0.786688198872323 0.5823882167819494 -0.20480635417037563 -0.5478685220434446 0.8115136968378049 0.20318858825871827 -0.2845378011951111 0.04763910996423074 -0.9574804201093969 
16 284.11045055943885 316.9141601377475 307.1586590495943 0.7123226144972447 -0.5544079452732129 0.43038160171380907 0.16644910884823305 0.7291574840996672 0.6637951924690874 0.6818292946474498 0.40119969292034346 -0.6116760738832139 
17 282.2883204291165 291.0882643060143 317.23733550963976 -0.6984147353497122 0.025581324529922192 0.715235942386627 0.7143929565834676 0.08513281915900649 0.694546691508909 -0.04312262782254922 0.9960411632745579 -0.07773313342676509 
18 320.97371501907475 311.3512762756997 305.9677817164657 0.3557069313080634 -0.9142731627620443 -0.19384829860612401 -0.12031301559506873 -0.2504830628758712 0.960615955255139 0.9268211031789367 0.3183752802360933 0.19909752292976354 
19 281.70313619837674 288.4714455795376 288.128660291369 0.3921573487769861 0.4294876087965836 0.8134820266547982 -0.6191390065856807 -0.530806274874499 0.5787154646956951 0.6803524853517496 -0.7306059761896629 0.05775294998220441 
20 314.83510867450144 305.37714210000775 300.76637422229055 -0.49520457861822786 -0.03648879625850831 0.8680097885756521 -0.8235361991864646 0.33792366603578317 -0.4556267381996454 -0.2766957786903332 -0.9404659290375925 -0.1973911912279979 
21 286.6072443992114 303.89192692731143 312.62507727167997 -0.004696202164449161 -0.13256373799037846 0.9911633574014169 0.9679952473466598 -0.24931537317989105 -0.028758404170789224 0.2509245838882862 0.9593063640288173 0.129491903740352 
22 300.3813546355328 319.2374546048084 308.0672052256959 0.9942536808168028 -0.10054790898833257 0.0367387558351264 -0.07133759915444741 -0.366442840510735 0.9277017794449374 0.07981582004288966 0.9249917635506264 0.3715099894139904 
23 299.5137084901554 281.89344853675397 299.8468087666743 0.6842340786364239 -0.07886145125789779 0.7249859289241842 -0.47322324826562345 -0.8044201672903629 0.3591210823071748 -0.5548724925003009 0.588803079103738 0.5877307641296826 
24 304.2953868192642 306.49537391504725 303.0070743144635 -0.2467369606408168 -0.8428542037928766 0.47824435532728277 0.2937220748994053 0.40524518320017133 0.865738808307591 -0.9234978153577407 0.3540806866262758 0.14757592075858875 
25 302.76967832910873 284.74188386204776 304.2276355710884 -0.4431906034853768 0.8962953868610067 -0.01538403308451941 0.3116021162882388 0.17012364437450983 0.93485938340984 -0.8405273404874813 -0.4095271970411898 0.3546847399827463 
26 306.55140640602207 295.6087442455899 316.6227053793175 0.0879630536073228 -0.6160093544583829 0.7828122229627241 -0.7107228333173671 -0.5894365874423283 -0.38397599350177697 0.6979509691958373 -0.5225868201592115 -0.48966055588997087 
27 285.17533426786497 292.0543852574443 292.72073771667056 0.42112019796018035 0.8345283430292885 -0.35527485634472994 0.597028279072061 -0.549923845657771 -0.5840727676969895 -0.6827993943013049 0.03385570347463869 -0.7298210592220593 
28 307.2517689658705 313.45572590060686 289.5518966126432 0.6415274571086832 -0.3670294744484549 0.6735962341505166 -0.42514591398117546 0.5607896529872594 0.7104688008122102 0.6385087889769222 0.7421619297623124 -0.20372087868135869 
29 311.1581857925597 296.2550516168677 297.340419310239 0.33722300420199547 -0.12049498882452664 0.933681746156129 -0.6589400648392152 -0.7385390052154462 0.14268191449889434 0.6723679323009615 -0.6633559342039214 -0.32845131780794024 
30 288.14535681183906 308.86374098113015 301.36175481987874 -0.7667835153076867 -0.5895703431006513 -0.25386975240970894 -0.6325285890386134 0.7613324761950209 0.1424094264421386 -0.10931891282484148 -0.2697770769115497 0.95669728967519 
31 287.6275772716798 281.62432462810773 284.9070688736975 -0.2815269408223972 -0.7047103339632015 0.6512495119358291 -0.04689026416471056 0.6879934342486081 0.7242004816053146 0.9584069515178535 -0.17334468447664098 0.22673274056904175 
32 282.30448087410707 300.17867708733394 313.29137966305655 -0.18733465580221453 0.03294970554238296 0.9817433695422322 -0.8807010642076948 -0.44827893766004356 -0.15300859307181605 0.43505328666601284 -0.8932862424525818 0.11299702122643351 
33 308.88099331745906 291.48390438333723 313.6015255011906 -0.26390076905354826 -0.6625569352735263 0.7009812348514746 0.6375278464054334 -0.6651807483312042 -0.38870659514238953 0.7238194727627839 0.34431508763121943 0.5979402071101353 
34 301.933542911642 281.7050688736974 294.47897294979134 -0.45305799207891484 -0.5352591996783043 -0.7129067575589132 -0.11038313483780846 -0.7598523436867468 0.6406558977619233 0.8846208336664922 -0.36894715739994216 -0.2851735886959074 
35 310.7943569654608 297.46075279719383 313.81101632229826 0.06603816329877917 0.7830632811682128 0.6184261141593199 -0.5432543549360468 -0.4916535333934905 0.6805523557704548 0.8369669448856049 -0.38090510732696564 0.39293464136048084 
36 302.28555052871457 302.1334622218809 318.57633753232466 0.20456444513760333 -0.8931361447266983 0.40057610359115886 -0.575862287239802 -0.4407273532759202 -0.6885797166700063 0.791540279404964 -0.08981774355400446 -0.6044805695987081 
37 297.262970773485 286.57127316486174 301.45854617610166 -0.06450315506791676 0.44477603006842675 0.8933160840726277 0.4540808717191916 -0.784055603208614 0.4231635298745812 0.8886224760408794 0.4329331289630606 -0.15139022729763846 
38 292.74511396164587 287.7687419156617 312.04521952530916 0.6512248689224054 -0.40778051181344127 0.6400165812556451 -0.6522495285655728 -0.7318557529080518 0.19737707420411446 -0.3879132926092942 0.5459873726750069 0.7425773133461993 
39 303.7841408582329 315.19720833653383 304.30975684256344 -0.9213711323710179 -0.10668997300773912 0.3737545800294043 0.26911552645843956 0.5187153340416036 0.8114870520526526 0.28044976350915896 -0.8482639046250378 0.44921740645030855 
40 296.97739987710275 295.7398350487749 307.3680859769056 -0.45934602341070363 -0.02267648570046689 0.8879679092022695 0.8809748228453014 0.11611765730500584 0.458693853430245 -0.11351031798679455 0.9929765690378971 -0.033360771158098206 
41 290.615494559234 308.1463891491923 290.6686904524158 0.26388498981185055 -0.9624145167255816 0.06421067004684397 0.8433512067652555 0.1979070604675977 -0.49959137048658236 0.46810624242748966 0.18598680978215176 0.8638781467241048 
42 321.25140997772485 287.99116993112625 293.37377301123996 0.6018094077811685 -0.5149614806943527 -0.6104425526674552 0.5789551551463414 0.8078108205649618 -0.11069149248085312 -0.5501239542462747 0.28680368125119937 -0.7842877554732084 
43 318.2532022684794 290.5171857925596 280.2453708042093 -0.8862619539895915 -0.3043222185815773 0.34918152326281193 -0.05376090351711005 0.8163620207874566 0.5750328827717979 0.460053816594945 -0.4908574521115119 0.73987123713726 
44 319.43734872109997 304.0670785134547 303.96414832168375 0.18210719170241374 0.9516326402106999 0.2474515888327909 0.1116804328272144 -0.2700491344048302 0.9563477118343139 -0.9769157853437451 0.14652229554854826 0.15545663463936715 
45 299.0499000307244 313.26717506464917 299.4667377166706 -0.07310289007921165 -0.6263012000645575 0.7761461036813634 -0.7418775206881237 -0.4859618995422977 -0.4620159915964862 0.6665386048532439 -0.6095800513393935 -0.42911356218296504 
46 295.8631795708836 320.5465592339401 300.46375481987866 -0.18976459284879477 0.7754916207683068 0.6021645501182179 0.43494587494796644 -0.483447811208922 0.7596711786707788 0.8802337673406297 0.4060676790332414 -0.24555560445218585 
47 282.2649505594388 316.17503046829 286.07153653634447 0.4164945739200355 -0.8177426404247177 0.39727728846031324 -0.5302151727012028 0.13648787524602635 0.8368051927110988 -0.7385148207941395 -0.5591672683035326 -0.3767330958720847 
48 305.61424844458105 320.33269993855134 297.3302512481757 0.9467184133856393 -0.04947073060270597 -0.3182403063256008 -0.022270294903896613 -0.9958226855434117 0.08855062349865565 0.3212915805331216 0.07674520031077899 0.9438654006307188 
49 291.6111923214789 317.9424107586348 315.08144620682606 -0.5655277787176903 0.02996149858586935 0.8241848337000167 0.4100783310978525 -0.8568317434429978 0.31253019980864694 -0.7155516011180705 -0.5147248507998442 -0.47227559126684066 
50 320.9162838927721 321.4830398008041 320.7393709578309 -0.5591235384467454 0.14996419060398639 0.8154088608123423 0.8176379742518163 0.262600553213225 0.5123564116057244 -0.13729170337707028 0.9531797789444547 -0.269442567526408 
51 291.54387796041686 281.6500774253015 305.110288245385 0.43425660605075067 -0.10060790940093958 0.8951531984343549 -0.07901170755186877 0.9856588216374733 0.14911015189438084 0.897317307406372 0.13547965121818087 -0.42007965189327934 
52 297.8173011496019 315.9246131807359 304.1243687815244 -0.9584734864423111 -0.2737352263751712 -0.07998500877323621 -0.20191102852300138 0.45330058160819825 0.8681880667657514 0.2013964059955008 -0.848285098628405 0.4897467499607246 
53 283.2689022070308 295.8017888726733 319.6217786056277 -0.047964241125887916 0.8242404257960041 0.5642048848218523 0.9986613591952127 0.028622359348348586 0.043084222120219624 0.019362882625995167 0.5655161191592648 -0.8245099136744545 
54 312.792708643777 320.0897790792944 313.57743547891545 -0.8258970297601744 -0.47358980969920206 0.30595226487541344 0.32281292849777615 0.047708126607041976 0.9452596192847424 0.4622617326017891 -0.8794524585244614 -0.11347891331552563 
55 318.294609609033 309.0499235092301 291.431751555419 -0.3090009414943005 -0.9425014467166786 0.12731630332602203 -0.15226191886301974 0.18116562167657776 0.9715942185844305 0.9387942938790091 -0.280838103646042 0.19948742647271653 
56 281.91543983152826 307.75248398494506 302.6523033259083 -0.8850085404361101 0.08741004041584648 -0.45729571197382357 -0.24225795639782666 -0.92523122042281 0.2919901904462994 0.39758139533571707 -0.3691973369208085 -0.8400133097121065 
57 311.0737255933635 319.3487742530148 284.79912157871826 -0.704869919409592 0.684557891689607 -0.1858464141085205 0.3109706492362177 0.5336990810781148 0.7864238972526084 -0.6375387455089505 -0.49653376902467344 0.5890658402869972 
58 309.7480525513992 309.8284202447705 318.9126225132499 -0.7230714230622518 0.438623990176545 0.5336447436191387 0.5018740800884613 -0.19724817320172577 0.8421493726791838 -0.47464736898679644 -0.8767566101320179 0.07750949428118258 
59 287.94473740942726 308.70664599175564 311.88617210743274 0.01225088216489704 0.9987463109808613 0.04853578255578589 0.3182943321087762 -0.04990967684608569 0.9466772112523609 0.9479127776507763 0.0038510335287245483 -0.31850672756968673 
60 292.5993894564356 294.7972210871292 302.70396346365584 0.36193504165865664 0.7470447526481627 0.5576084317515222 -0.5581974101359387 -0.3053922196045365 0.7714604614123431 0.7466047662164235 -0.5904741567129447 0.3064663004590499 
61 297.2615948357529 292.323561256625 316.3148431267122 -0.01142225035035737 0.23949656202816463 0.9708300206388466 -0.5525575952084919 -0.8107036304343409 0.19349348200388528 0.8333964459813481 -0.534229370567801 0.14159570420174875 
62 321.4891567196662 295.4592117546152 312.3670256548123 -0.5489750648649149 0.44455897256815413 -0.7078090830624524 -0.3688023337589455 0.6310990160733223 0.6824213291839871 -0.7500741408491014 -0.6356739351431927 0.18250323670842175 
63 287.3262565353202 313.5566032337353 287.882799907827 -0.3878388694022687 0.0908611683633757 0.9172378423639161 0.34163938366604457 -0.9100776909594471 0.2346084566809266 -0.8560744961211355 -0.4043548497317229 -0.3219217491710989 
64 283.1253137465755 292.83158504237394 310.7638462375503 0.24566568573020328 -0.5375069828939129 0.8066812345623219 -0.22465945961659997 -0.8410965527065148 -0.4920210526288426 -0.9429615570422208 0.06035588095186187 0.32738458970305145 
65 284.339321363648 304.80769434416374 289.18674191566186 0.2757311010706569 -0.3679552845730014 0.8880209842437083 -0.5176528627343348 -0.8352694173632395 -0.1853658925493641 0.8099431298587024 -0.408575463008336 -0.42078286255765296 
66 318.28127518754644 302.43872139437235 313.25935059016314 0.6968212198444795 0.4900496136064626 0.5237285210666001 -0.5292432661669112 -0.1415258972385327 0.8365835198160482 -0.48408857948874906 0.8601289418540604 -0.1607372097355783 
67 306.2321634022071 320.1169140230946 283.7908322451801 0.10038872142302724 0.2960798975845549 0.9498730435470676 -0.15618711777859842 0.9475489636877754 -0.2788486070509179 -0.9826126850652085 -0.1203646777947677 0.14136709478624448 
68 310.60584934838835 321.37955612310225 293.89840298794076 -0.3151451064822607 -0.7896529043593804 0.5264331415261386 0.39231794642430695 0.3966891298264981 0.8298941879486265 -0.8641586606484363 0.4680662612433106 0.18478036776673482 
69 284.3348439076222 296.25695460480836 314.52367521827074 0.8625844585037379 -0.008458543378307854 -0.5058423716848272 0.2614490194792813 -0.8485416636825961 0.4600233202872375 0.43311945484027614 0.5290609587171301 0.7297273736130315 
70 310.92809763934764 287.3353076785212 285.4880180377397 -0.12059560191131775 0.572012353829655 0.8113313551600879 -0.892453240046943 -0.4203813369313762 0.16372765768037612 0.43472280263331053 -0.7043304612368025 0.5611904188816776 
71 321.507743003815 290.2888624062268 311.80696657449363 -0.44522679472277576 0.05627848590780688 0.8936474882663791 -0.5000838406912614 0.8122413413859257 -0.3003001092624993 -0.7427578700628895 -0.5806003232581917 -0.33348764758551847 
72 288.3742087973987 286.50950746345086 313.33930317228663 -0.01551390135280095 -0.9057532275357375 0.4235214394495396 -0.29137098890870156 -0.4010938772246167 -0.8684622320373461 0.9564843258972836 -0.1368750980329097 -0.25768768276986065 
73 294.2993289807205 291.0580999692757 288.10110960903296 -0.9395335356405383 0.09162040384250442 -0.3299733883308252 -0.34078950786286594 -0.3451052229123228 0.8745083741447086 0.03375272933225386 -0.9340814133245411 -0.3554612025865149 
74 281.8531752182708 303.48081809918835 307.56982058273803 0.9321669650836513 -0.36202282749466663 0.002054648267193026 -0.008964412621346398 -0.017407949091399814 0.9998082829296753 0.3619176543263529 0.9320066714789105 0.019472437076869548 
75 301.25028280461896 297.4854356325371 293.52596222188083 -0.46368496009754157 -0.7935369236286208 0.3940753844347117 0.05711099483220167 0.4170856509155797 0.907071052382118 0.8841575606466407 -0.4431012419733862 0.1480766602575325 
76 318.12827503392475 297.8302838927721 285.40872465883194 0.32115496787696657 0.6196101603866591 -0.7162002064741138 0.27167276444836846 0.6641986136439255 0.6964439034771348 -0.907222902965378 0.41823850944062313 -0.0449794792762 
77 280.0195191258929 320.9478171646567 311.1089720152597 0.31296483080888754 0.511076626881302 0.8005333822723415 0.6379557419507127 -0.7375429072555588 0.22145638683301488 0.7036089013002061 0.4413968072071232 -0.5568692598792597 
78 291.6128128120439 320.6657344522109 297.92887857490337 -0.1847195313390874 0.9112180152820053 0.36818531117820424 -0.6809462623474644 -0.3887991439827555 0.6206024600606209 0.7086542757486796 -0.13607701592775384 0.6923092973514888 
79 309.63357416084176 283.9844925365491 289.34897077348484 -0.17645767912784116 0.978165377766385 -0.10979608925622578 0.3945868073130879 0.17248766181634897 0.9025238268409278 0.9017560307374052 0.1159331715268507 -0.416407925919339 
80 297.4733202754947 308.59855581585884 297.25906374017455 0.27192323340004637 0.49000135201237477 0.8282248669071153 -0.8958910123175261 -0.18531706330734965 0.40377825609586543 0.35133609149352046 -0.8517959034141833 0.38859579223258706 
81 295.93496455180895 290.6071890570193 298.86816790844165 -0.6506128069446154 -0.4166890539872515 -0.6348804672746344 -0.7593951564407787 0.35182502445171765 0.5473007843442521 0.004687410152070971 -0.8382060513124193 0.5453335160516983 
82 317.4373184064317 306.82376212970786 322.4255332718848 -0.2657510334037524 0.9248944849007585 0.2719312046180034 0.8845906556998813 0.12181187435793607 0.4501791189225245 0.38324373457799465 0.3601833686687498 -0.8505246503430356 
83 281.64002674296546 293.72269573956015 289.1028774867502 -0.08661006224161041 -0.25864158446734625 0.9620827552257265 0.9057117176190487 -0.422677400599784 -0.032095164585378234 0.4149517823627908 0.8685898605247651 0.27086282968970155 
84 279.44953995442563 306.5707162608495 285.1041704047931 -0.6204470133586759 -0.6194165361448313 -0.48100796081212394 -0.7842479740844736 0.48942720721538363 0.3813346613956684 0.000786612165022565 -0.6138274705384963 0.7894398125592688 
85 293.8844169803109 294.8609362598254 279.1333376859462 0.08402392044205817 0.12069688658447764 0.989127010227888 0.972649447692322 -0.2256506172704337 -0.05508948020532935 0.21654799167244124 0.9667026742976796 -0.13635580958780716 
86 280.91880597588136 305.72256996185064 291.71683317971167 -0.23713058655590083 0.9069669554077464 0.3481092166519829 -0.2434138852482129 0.29142914102058665 -0.925104716360463 -0.9404885780210328 -0.30410524093215796 0.15166158725784817 
87 288.9366761528023 284.87973103412963 308.5403554036409 0.591517332007036 -0.7583728111081609 0.27382097309589665 0.7678140156540846 0.6334702236416734 0.09579725008849473 -0.24610746291088215 0.15357784713711206 0.9569978900542565 
88 286.648722328904 291.0647901144482 298.6206237550248 0.007826670847622473 -0.994555297152005 0.10391585119860258 -0.3857424137599815 -0.09887868989830226 -0.9172926440949032 0.9225733214493392 -0.03290540367299599 -0.38441605190086836 
89 292.6294093632383 284.3086539160714 301.2935581457869 0.933982345226013 -0.3019547288757326 0.19105057057150998 0.267490758272058 0.9453494785349739 0.1864485389395488 0.23690857528835346 0.12303538167224114 -0.9637098224110867 
90 296.2349667281153 300.1343913254987 292.960476214251 0.33110141190407066 -0.5160019289524665 0.79000877485789 -0.9111773358993694 -0.3924106446100879 0.12557765939856955 0.2452095381066132 -0.7614170311426117 -0.6000969814184307 
91 314.42466573213505 291.41362795401596 303.9205149269018 -0.4856430223264451 -0.8657410792997401 0.12100924955786305 0.19714819409704143 0.026390857280075713 0.9800184244269584 0.8516357463316762 -0.4997958645936799 -0.15786275464828559 
92 294.7649488439973 296.46730643674636 314.6890957702845 0.7471918388021447 0.06879893053822607 -0.6610378681923346 0.11190455301709559 -0.9934505778101038 0.02309373211099952 0.6551196280386612 0.09122859532825885 0.749997077562919 
93 285.53653016104676 280.10703653634437 293.77896331003416 0.2593525002953133 -0.9420850143417531 -0.21263138607286672 0.9656662711056924 0.25637715151928137 0.04194530996055194 0.014997781149202569 -0.21620957872295105 0.9762317781290694 
94 280.7641470799089 304.90596098010604 314.94404321888527 0.8776656814226118 -0.35711046374336136 0.3196483510640777 -0.2465134193402372 0.23559748552074833 0.9400664651509941 0.4110159190812042 0.9038616827265674 -0.11874330617146761 
95 301.975324474486 319.29556265202143 302.17391293494126 -0.5444247293166574 -0.8369836914586355 0.0553173963664226 0.6685970831220581 -0.39318042048428115 0.6311791325673558 -0.5065369231844398 0.38061457825480244 0.7736619987247402 
96 303.693023785749 300.3632814092225 299.15675248995063 -0.7136077394427615 -0.6773804532733089 0.17866089591916426 -0.4213016400840891 0.6187245243399403 0.6630873932165889 0.5597043168226022 -0.397914167256647 0.7269081050769715 
97 305.90099051386443 310.4709842921884 286.3277916634663 0.8085628506313585 -0.35622874840693897 -0.4683238146702742 0.1938244884207633 -0.5902466793287404 0.7836076347444711 0.5555701434268426 0.7243686467192119 0.40820568269299623 
98 320.9406483216837 281.2264452722943 283.8818289807204 -0.42496083927878586 -0.8246986672428919 0.373202884939637 -0.8819483405415504 0.2843459835124549 -0.3759181909356611 0.20390048968915292 -0.4888961749780133 -0.8481775288207011 
99 282.88675808433834 298.4399272345548 308.2160122769287 0.06156281445484308 -0.5564484413019963 0.8285983056034916 0.9977346096026748 0.011749208752264857 -0.06623899829174575 0.027123212888539753 0.8307990661202469 0.5559111827048713 
100 289.7057067747139 284.9093734413805 281.78593734797863 -0.7452688592822783 0.656105866311631 0.11874097681742288 0.5331099606578167 0.47939473671697697 0.6971186816141721 -0.40045985720358374 -0.582842842110567 0.7070545411557456 
101 317.5336096090329 303.0992966433674 287.4456795708836 -0.08037435360720674 -0.5938929180700985 0.8005193096661736 -0.540218094404301 -0.6489832013727704 -0.53571000999994 0.8376779654260994 -0.47551236177636247 -0.26867009516776613 
102 287.2854256855365 308.98967506464913 279.9625732263103 -0.9241287758525186 -0.3322498702344046 0.18866910020071284 0.17541571191383198 0.06973781668513035 0.9820213668437947 0.339433842825209 -0.9406097281302233 0.006164875643410517 
103 312.65720289576774 310.6563439076222 313.85963121847556 -0.48484599912366305 0.5340499387905372 0.6926146259007244 -0.6373127972985125 0.3266073516412725 -0.6979685066343748 -0.5989630669192573 -0.7798194026386477 0.1820025926600502 
104 303.8748740686689 315.2861494098369 298.5108421921807 -0.48720080880673644 0.4549335157735263 -0.7454333425089064 -0.33073567217619687 0.6938863456099381 0.6396371272262461 -0.8082383850376207 -0.5581731233246768 0.18759924666627492 
105 289.9429773024042 292.62166402949543 319.5618254090177 0.07488538940915034 -0.2455579441454493 0.9664851134498141 0.9338074222410585 -0.32276449575116833 -0.15435925126147615 0.3498512206932396 0.9140702250645482 0.20513348588150151 
106 294.2016097626547 282.8739633100342 321.33151181606377 -0.7774309854715725 -0.3576781375140157 -0.517365840361735 0.0516097160181667 -0.8560656522089155 0.5142840035628643 0.6268472701074993 -0.37311921560357436 -0.6839916307281465 
107 318.62120646747064 293.76318921064086 289.87815702690943 0.3777907832314982 0.7254559230469907 -0.5753154159427418 0.25117165130680913 0.517764418266118 0.8178219908741505 -0.8911716589328579 0.4534685335208903 -0.01339266296413964 
108 316.1966688429731 284.5119001843459 283.32768812248764 -0.3350518923642884 0.5484800485850777 0.766100427964389 -0.9216071424640226 -0.35984555638050686 -0.14543538260169786 0.19590942902882202 -0.7547720264141482 0.6260500648991909 
109 319.0707635251043 284.933566697391 299.4963453030187 0.604106727681904 0.6551561814334215 0.45367988659300273 -0.6157568788926076 0.7451436778106579 -0.2561334915922579 -0.5058641395334247 -0.12462454552932044 0.8535632343216982 
110 320.05068672709126 309.64566775481984 318.6955623447782 0.09620125389775819 0.9953448772723401 0.005821858484129792 -0.7246030610701769 0.0660212840091239 0.6859967885825095 0.6824190227684352 -0.07021228771019046 0.7275812751976752 
111 283.09647201525985 281.27122061346245 307.4223739150472 0.594236233915505 -0.2908600500689347 -0.7498558058559087 -0.007684211303215616 -0.934330124718192 0.3563259335787045 0.8042538474875731 0.20597973035709582 0.5574478446307363 
112 310.5871475407738 314.60160665181655 318.7925589266969 -0.717174256942214 0.6968618081459478 0.0066862191815198705 0.6702353641745165 0.687079928271869 0.28054541303642183 -0.1909074167999643 -0.20568128868101887 0.9598174647802988 
113 297.40745600020495 301.1608793558134 307.45779788514227 0.05019649620978899 -0.9986724721180621 -0.011558771641447986 0.7029319830429185 0.04354836807248548 -0.7099226485002247 0.7094835720322288 0.02751059926322192 0.7041847967292163 
114 300.16547031262013 318.33790671326534 296.78127068131204 -0.3974520883746573 -0.22432007943948412 0.8897821864967219 0.5853227349446559 0.6848035903588571 0.43409830521268644 -0.7067030022601646 0.6933430208719789 -0.14087697471406974 
115 304.58888930281387 291.91287204598405 311.3319643981872 -0.1603292838401517 -0.2604345449871121 -0.9520863240907623 -0.1268876748775791 0.9619993015080218 -0.24177853887853665 -0.9788738625111338 -0.0820438399603039 0.18728259293672214 
116 294.5137526435722 302.13076274419444 297.31723429858926 -0.6762972440703077 0.10975514489520798 -0.7284063741016678 -0.7366079609061983 -0.10820691413739753 0.6676076509915646 0.005545231511823617 -0.9880511484239537 -0.1540265513006979 
117 317.40935261284795 297.914497670072 292.4086786363521 -0.16551979109629553 -0.0714803718401591 0.9836126042284286 -0.6194446482643802 -0.7685438488115068 -0.1600896005073849 0.7673926807652365 -0.6357915608873616 0.08293108351128897 
118 283.0383065903679 291.2956075863482 304.6741012110505 -0.17634905630099748 -0.7941108329685058 0.581626164562611 0.5630960350500137 -0.5660390321853246 -0.6020985545188221 0.8073560959407575 0.221331875256964 0.5469811105902413 
119 312.1197419156618 305.6057206134624 319.38015173976504 -0.6770646767000149 0.4208954712327463 0.6036807317290066 0.623623069021912 -0.10740015630975798 0.7743122588518997 -0.3907399280196475 -0.900728709834656 0.1897632733981917 
120 317.93530472130476 281.48755068233606 310.4378731341373 0.3047588175667664 -0.497315524385312 -0.8122803286554885 -0.06545310682507015 -0.8617703929420899 0.5030583272895717 0.9501778538369816 0.1001451898684945 0.2951829721104368 
121 315.7770141459917 294.7328000614487 318.86930099598027 0.7189993362605742 -0.6828937785006072 -0.12921316396566387 -0.2674629153023326 -0.4434678674586026 0.855453002490316 0.6414854194717327 0.5805104114629581 0.5015018631952252 
122 297.9333816857414 314.6768558773075 288.25962904216914 0.8752143311495924 -0.09749552206760362 -0.4738085032237574 0.41948452929538416 0.6407467624965356 0.6430212407316248 -0.24089957291826425 0.7615367420728781 -0.6016886123576087 
123 306.4183591417672 312.7720999692757 294.39532586988247 -0.6047092961216084 -0.5710432379705798 -0.5551903165151431 0.2972839125139572 -0.808538682846849 0.5078262239198329 0.738883578478033 -0.14203808893517283 -0.6586928257899431 
124 292.5367862227002 307.35430985482753 312.7827733184833 0.6966198336742093 0.14076585335662867 0.7034954028709052 -0.4295991908256902 -0.7034919627432373 0.5661656944725456 -0.5746001588701738 0.6966233077384417 0.42959355737944166 
125 321.3112815628441 305.96856001485014 297.91797854417916 -0.7547417020451112 0.042304138399526084 -0.6546566451723547 -0.35529453944395933 -0.865252761162025 0.3536996600829532 0.5514805104764331 -0.499547814704225 -0.6680727710278919 
126 310.8745999692758 293.0772927516195 283.4355816242928 0.7642635718861668 0.037834524449288434 -0.6437932443319783 0.31196842943552044 -0.8953917289825472 0.317725275521447 0.5644261614448209 0.44366902126398283 0.6961184582004161 
127 303.86785944901044 318.46754850602963 293.13851741045147 0.19523247356190906 -0.2794746581232142 0.940094780718312 0.21415928091961794 0.9475566049465756 0.23721779616654265 -0.9570893812298259 0.1550174051164208 0.24484591164256828 
128 295.11079679698895 298.7240796016079 280.9164043833371 -0.8126487161190166 0.3399125511307621 0.4733513724221059 0.5803137607299972 0.3977684076712521 0.7106449415608925 -0.05327291335679124 -0.8521970144529105 0.5205019166727683 
129 283.77521160099343 318.9287772102312 316.9164934710808 0.6247057544824199 -0.5590855213066676 -0.5451294343381234 0.33685763690801784 -0.43685947401723557 0.8340747762749634 0.7044640890586957 0.7046823254677513 0.08457639978187885 
130 295.45947092710657 282.86989878894946 294.4557925979978 -0.4100130632986686 -0.8976126841450536 -0.16180468839423123 0.3984176525334322 -0.3358438448535165 0.8535058793141125 -0.8204588119303684 0.28548271600207 0.49532510211969843 
131 297.0080870650589 311.99988183936307 321.68254586885837 -0.4968485206971036 0.7364589518875527 0.459096677907592 -0.8656145736193671 -0.38271507909509056 -0.32286309508985334 -0.06207219521534644 -0.55781482628013 0.8276410225231807 
132 315.80401492690174 301.68358068976113 308.8034827431703 -0.11389006486090225 -0.9890016860816432 0.0943648136417729 0.9728796324459361 -0.1302710214692301 -0.1911404764491907 0.2013312541505659 0.07003660395129543 0.9770161719281467 
133 292.412330376117 311.69494294236637 314.68857929436473 -0.3705461337466391 -0.9263027327399126 0.06825547658604267 0.6118609889512655 -0.18815089156156345 0.7682612655888412 -0.698800180999544 0.32643910507652113 0.6364870915516234 
134 309.9027378702922 287.1125108815321 313.01518268172174 0.8292500457524609 0.2838010668014542 -0.4814574914796716 0.4936979268133511 0.03175892957536473 0.8690533513268481 -0.26192884277937334 0.9583570967413887 0.11377590450387495 
135 294.93031529559363 314.85833255242346 310.6529354789155 -0.19522219347207545 -0.859153298787168 0.47301575487406194 0.9806696808408016 -0.17751112591759574 0.08232118351352687 0.013239042848746078 0.47994313137974565 0.8771997026822645 
136 310.9801122462043 296.5965365363444 320.11983348695503 -0.09683585064986854 -0.4030335112949981 0.9100476947952459 -0.10790103434029102 -0.9047047911037784 -0.41214876894413244 0.9894342751376727 -0.13810586420240564 0.04412012529101634 
137 281.7392157999846 288.08646594720545 297.77891386947283 0.3337337273954638 -0.11503630491755615 0.9356219577102951 -0.684262434990853 -0.7122441816253403 0.15650286195861715 0.648387784631326 -0.6924412424832628 -0.316414927664794 
138 285.2317559080319 295.90704850602975 302.99975808433834 -0.35750221746659927 0.5405182510248902 0.7615984406598126 0.5957500686320153 -0.4960310490574653 0.6316922146867885 0.7192176445495589 0.6795536908000331 -0.14468158517460777 
139 292.37729353252945 315.165786696367 295.93454539519166 0.12219921067450003 0.18468394420013962 0.9751713663070757 0.9483094231994801 -0.31166026770020455 -0.05980899103066673 0.2928764087146635 0.9320728073984974 -0.21322216331020777 
140 304.03023989297685 290.0215398008039 306.031938743375 -0.5939723623258201 -0.6790160527226176 0.4314325357898733 -0.7778197923286626 0.6216474406626753 -0.09247069903132418 -0.20540984264363185 -0.3905018049414633 -0.8973935239807437 
141 310.2259193102389 312.96165593875617 304.9523204291164 0.850503822444558 -0.01151153216249808 -0.5258428782768361 0.41112872658049504 -0.6090054669383825 0.6782960352379064 0.3280494142465439 0.7930824836462056 0.5132287559617693 
142 307.74942272832016 285.55434950200987 279.51709996927565 -0.4858454122470023 0.759271920254158 0.43296695776017813 -0.6663581500920924 -0.0012031635718759565 -0.7456308525022712 -0.5656156391087417 -0.650772389942123 0.5065315836990097 
143 311.2909773024041 301.98584188493743 298.3623331797117 0.9733270383669622 -0.03818319724239978 0.2262222796988528 0.01602969782408591 0.9949615391683215 0.098967592491043 0.22886136670802806 0.09270155890896693 -0.9690350333214897 
144 317.13792381647346 287.37514521084574 313.3642579307167 -0.9252028951573699 -0.037718180234307425 0.3775936197451348 0.17266380985903115 0.8442332452902876 0.5074026372729981 0.3379153911223672 -0.53464714197912 0.7745744780304707 
145 321.1984141767161 292.924042130732 284.6896066518166 -0.2711888522265181 -0.13234347330691346 0.9533843986037982 0.6429980636797654 -0.7619743651034099 0.07712688914592496 0.7162472314306965 0.6339402747880251 0.29173555057542355 
146 302.6113524592263 316.9624011188775 314.6387795401593 0.3761402394672442 0.3828450397315222 0.8437702269021428 0.6958168906693597 -0.7180494220857492 0.015616725058278179 0.611847509525658 0.581235497019314 -0.5364773267268252 
147 312.0020946821313 291.6594385897535 299.24751632229834 0.26609166066322115 0.9580549431489743 0.10642346561404874 -0.5157506331174745 0.04822730650246966 0.855380272946741 0.8143687816735203 -0.282497527095959 0.5069503275669658 
148 301.2116434954043 280.7936565532427 285.813579601608 0.9214105055856789 -0.3879299103426204 0.022650935033900855 -0.07404407156005671 -0.11804980327273278 0.9902432627461186 0.38147104170979035 0.9140977128342657 0.13749623895951407 
149 317.991331937937 282.66776041426635 293.09025793071675 0.015988552206027073 -0.6923556191175554 0.7213792781018191 -0.31161539444993935 -0.6889891847236881 -0.654362093397529 0.9500737929972407 -0.21433058580177924 -0.2267646089002916 
150 311.11608893412193 315.024569808229 311.1241935632537 -0.5857265724704445 0.6348782575744852 0.5038392405928808 0.7387632032071877 0.6738957225098773 0.009668752243485226 -0.3333966284909038 0.37788113639351584 -0.863743326960529 
151 288.2873311570269 302.06395164759203 296.0688453030187 -0.25596904664759207 -0.40547639343248876 0.8775356069854399 -0.7534935664441188 -0.48499010199372866 -0.44388291958064235 0.6055801288728391 -0.7748377219373707 -0.18138139975549145 
152 309.22491402309447 282.42150544076605 298.7390719845355 0.07961033789057016 -0.14047839398237177 0.9868779128773136 -0.9943619694176313 -0.08075934814394031 0.06871827604979287 0.07004618388491175 -0.9867845501990288 -0.14611565149449832 
153 317.8394721688814 314.8735250275239 291.44805938756184 -0.7149482814052717 0.36353581197607254 -0.5972358565311916 -0.6924382495195263 -0.24984012364250685 0.67683763431168 -0.09684123872596977 -0.8974528544882984 -0.43034886830666197 
154 288.4364093632384 299.43222792329163 287.40210012289725 -0.5070010433218464 0.8465990329091716 0.16192596934344564 -0.5815629584989966 -0.19733095054085797 -0.7892053099545997 -0.6361874467265553 -0.4942980613313152 0.592397636044954 
155 308.7897066210923 282.5403041068182 304.28632027549486 -0.19688908470525665 0.945673764320138 0.25871957753619296 0.9086856059794621 0.07692855787523567 0.41033214164743936 0.3681374170193291 0.31588467588633734 -0.8744665309378742 
156 300.492701653993 305.5789203983922 312.6027652405459 -0.2088601128387442 -0.059094206898784404 0.9761584543382241 -0.0014484378112621015 0.9981902236502465 0.06011804585129149 0.9779444540938377 -0.011142357025098946 0.20856771702982044 
157 288.9457762756997 306.3369228819418 316.957688749776 0.9880082743358801 -0.00164217358309201 0.1543922054695744 -0.02138780797173619 0.9888478348431602 0.147385620723863 0.15291243086812975 0.14892032363622248 -0.9769547203909106 
158 284.8337602606448 309.7530752489952 291.9310408889572 0.2633549097388047 -0.46278289567733377 0.8464491614887264 0.5445438608875025 0.7955847492943022 0.26555016524200237 -0.7963141183516691 0.39099475464362815 0.4615267346048038 
159 299.86986349438007 310.327648628927 303.590624382313 -0.8972494535971741 0.37587707465780856 0.2316459426932852 0.4406264922802893 0.7288566023140337 0.5240384981697535 -0.02813738296885873 -0.5722625953265978 0.8195875851120064 
160 296.03575233632904 294.9285814706711 296.3484944056124 -0.5997812637031258 -0.09146138643818578 0.7949196503430308 0.44618527655761475 -0.8628861769275092 0.23737342869544586 -0.664214675156979 -0.4970535790618856 -0.5583516856318057 
161 293.75239428271493 291.74673181503954 307.89844387689794 -0.5893873789791655 0.5032628499287839 0.6319406786887737 0.5118004224425174 -0.3726251716203603 0.7740870810590743 -0.6250462743571347 -0.7796646621185661 0.03794956595019089 
162 287.0419151112477 287.29681063573753 287.311460980106 0.8077614217467135 -0.5671789103738417 -0.1607158024740245 -0.3324393001875448 -0.6634039111230187 0.6703576376811838 0.48683220644133834 0.4880607895885769 0.7244246464868745 
163 317.3103230662878 307.2984289499962 306.01465143252176 -0.5876748825363667 -0.7913692964280441 -0.1684424801136878 0.23542242056056492 -0.36642673793895425 0.900170944665968 0.7740894756636807 -0.48935271777563405 -0.40164586549886033 
164 306.3017852881686 281.3680572112554 320.3618460839287 -0.44131715641438024 0.3777227212215605 0.8139807819152151 0.3550080140985961 -0.7595963534467692 0.5449611818800877 -0.8241410542984118 -0.5294704200456829 -0.20112830958507677 
165 288.89442257469864 287.9736043218886 294.01758830683366 -0.40703178779093757 -0.6260137392209276 0.6651555622817458 0.7684837624147556 -0.6283101467373025 -0.12107463157825767 0.49371837177947825 0.4618800253459507 0.7368235959534988 
166 300.357427080933 303.17952876565016 284.7566979158665 -0.4849905870377763 -0.873715657541441 0.03748440011098746 0.5679443609903273 -0.28208726302688336 0.7732179374906473 -0.6649987468439649 0.39629247507986815 0.633031548100905 
167 297.98530426043993 294.1984799395755 289.8355172568298 -0.7497051772470169 0.27168038957158797 -0.6034334372002012 -0.6576101538751679 -0.2037411564687707 0.7252850658058844 -0.07410150288150366 -0.9405739243052604 -0.3314055826139695 
168 292.97622807691323 297.0523126584223 309.36932369357606 -0.1319458639860587 -0.6931926006703777 0.7085720198771687 -0.6945908487696291 -0.44532614928512704 -0.5650028084606011 0.7072014152859555 -0.5667174244177767 -0.4227262933374537 
