1 303.78194605320436 284.73757851345476 314.19266340220713 0.4534775977012262 -0.7541415095340844 0.4750038441747367 -0.7605464500196356 -0.6052951240058573 -0.23491894393016488 0.46467963775665333 -0.25473200908481636 -0.8480474266230388 
2 309.9501172261054 301.2228647361549 312.9286313720972 0.18332731158868718 -0.24587337451602134 0.9518074282804104 0.7267630962552206 -0.6180836016348611 -0.29964656399098466 0.6619716751849655 0.7466719126190445 0.06538008992521095 
3 286.2645300074251 291.4833790357682 321.52740157974245 0.8657184959909991 -0.4134302332699106 0.28214699700239587 -0.4898396545809133 -0.815680918588368 0.30776899104829825 -0.10290091592952108 0.4046480955956958 0.9086645807071179 
4 317.6535503750927 303.93365252067485 296.28698165501703 -0.953116885608298 -0.27312805574281807 0.13026614116679158 0.10034946031759774 0.12083848365393784 0.9875869818310608 0.2854788751944805 -0.954357965353863 0.08776494621048382 
5 296.00845134034876 291.1380054407661 293.75904415341694 -0.4085916984753745 0.564281769017763 0.7173833766482136 0.6916407856990774 -0.32143943109100076 0.6467686724768421 0.5955550751144454 0.7604359126804038 -0.2589428029726808 
6 287.15703046829 319.9654601991961 298.0973468648386 -0.3073998442497617 0.9515752453654337 0.0031445449490781654 -0.44519633088628136 -0.14089545679688714 -0.8842786309865174 -0.8410146031553861 -0.27322705331228453 0.46694904927376635 
7 294.48617226105443 319.8374095168601 308.43617987812695 -0.15398560836824932 0.9854201813260756 0.07235674571693158 0.6536571583414417 0.04667972357627349 0.7553498015858837 0.7409593455544318 0.16360950352020268 -0.6513149611312645 
8 294.4341943441637 307.36284701846023 304.85655596948055 0.5475841289180541 -0.6701980895836488 0.5009851719117877 -0.7098371022417276 -0.05505578604342689 0.702210900445306 -0.4430382715275534 -0.7401374069330421 -0.5058791444804879 
9 291.95345833013295 300.69692133292375 318.0692688122488 0.3352044844402726 -0.605881710656164 0.721488257911029 0.5679390426995168 0.7409579868870068 0.358366440178082 -0.7517201589612259 0.289635312696342 0.5924763187255687 
10 299.67872154799403 303.5578384668562 293.35279866605225 -0.92490083729558 -0.3794951074539954 0.02327884422421597 0.12457095891044703 -0.24461768405434187 0.9615842473980228 0.359222100330793 -0.8922699434960089 -0.2735211702365338 
11 303.4682546662571 309.925464551809 282.2202879381417 -0.9260995799533396 0.3339176407750022 0.17560916032344281 0.37710107175259017 0.8049738763906201 0.4580522241095509 -0.011590931511140136 -0.4904243749120907 0.8714066690121147 
12 311.81637049696604 308.4842988196739 290.5280740072203 -0.63724042452553 0.6103021810281598 -0.4705909998956561 -0.43874274219290704 0.21472103412534344 0.8725821930782174 -0.6335846017096454 -0.7625130328961036 -0.13093672953001217 
13 309.61212623857443 280.7230337327496 288.9820471106332 0.7978746102098488 -0.5955828153834779 -0.09315157756244402 0.4385068024850964 0.4673860871628144 0.7676340467312082 0.4136518953864311 0.6533233162428216 -0.6340826081014171 
14 283.8141441226925 286.86920957830864 317.43881825281005 0.7772051618622672 -0.08868812740498208 0.6229659319995313 -0.2926035037103691 0.8255327767404438 0.4825752005062304 0.5570774865232532 0.5573419512154192 -0.6156578785529543 
15 304.9726705584147 297.45214738715214 279.48806141024664 -0.40437387035506356 -0.6517082263609089 -0.6416838479092213 0.09716113038025818 -0.7282456573039989 0.6783936743227319 0.9094182138693377 -0.21197794770066214 -0.35780422296462466 
16 285.5333837084263 320.2938171646569 306.94972372430044 0.11915279810063728 -0.9788849477651734 0.16609295512923658 -0.7302378220925045 -0.1997429296016158 -0.6533417828822521 0.6727223304532021 -0.04343985627200212 -0.7386187412980262 
17 279.5663645825333 291.70755675039055 319.52872979235485 -0.0635577256835688 -0.8022315305516987 0.5936202379422478 -0.9864452941662494 -0.03966712424670994 -0.15922374468419556 0.15128151613199134 -0.5956937893269282 -0.7888363659429827 
18 280.25382898072047 311.8521865606677 304.7333624062267 -0.4991841391176694 -0.3434160916479253 0.795537920686761 0.8606884151768449 -0.09039557909804695 0.5010430034037993 -0.10015311894153422 0.9348229924840279 0.34069829099878063 
19 321.88098896484615 285.81185137107303 289.6275298538034 0.1648261139668575 -0.8988634723092935 0.406050255883018 0.6998200904800869 -0.1835255088610185 -0.6903406612374411 0.6950425836702576 0.39794829531659437 0.598792920081383 
20 315.01583877409956 308.25749020662124 301.41450559438783 0.16559262726661958 0.7275105327422507 0.6658134172153823 -0.974346383256143 0.016352982876976816 0.22445869416598327 0.15240802876034004 -0.6859015998670014 0.7115551897564063 
21 285.1769140230945 303.84049735002685 312.4405096397573 -0.35867966925522576 0.539670607128886 0.7616459352376939 0.8890760620628398 -0.05110133442127513 0.4548982408046862 0.2844163334441135 0.8403239193439064 -0.46147920846848867 
22 304.3693313106486 316.97810183833883 309.9097397393553 -0.9945506214711483 -0.09311556718963117 -0.04688872442609105 0.10300729803628465 -0.9470250255874362 -0.3041925335414725 0.01607973515381614 0.30736475409205355 -0.951455910728035 
23 302.1751366592417 280.76632695803573 296.91909250582484 0.8933556024795689 0.1497637621343973 0.42365856897945314 -0.4107477269178933 0.6544885390887827 0.6347685066488528 0.18221435824364116 0.74109079588994 -0.6462061280250082 
24 302.70873212228287 308.5937571498067 303.045571050004 -0.2735052232594662 0.9617430668133498 -0.01565778676065218 0.7934716571592807 0.23479284375209022 0.5614935883941253 0.543688901978596 0.1411474192440727 -0.8273329341359781 
25 303.25295833013286 285.525481655017 308.4367201525975 -0.3769047723183285 -0.8196902339715358 0.43133596295156973 -0.10418682489478706 0.5002411938369545 0.8595951683827229 0.9203737817441412 -0.27904599678236613 0.27394421614212566 
26 308.2734538238984 292.77834312671223 317.22675621527515 -0.00012126478960581088 -0.33134419851799884 0.943509940277958 -0.9961229432621794 0.08304245235392199 0.0290350308031436 -0.08797196827139722 -0.939848377779901 -0.3300696283861099 
27 284.9271293494124 292.0347762756997 292.97222341705725 -0.14072447255989076 -0.46826193133237703 0.8723115191762705 -0.4603361633796924 -0.7490988731259816 -0.47638376857975534 0.8765199595603095 -0.4685953925789946 -0.11014135711044898 
28 307.5698067439896 317.88948896484624 288.8411512789001 -0.10080193339153234 -0.9949062356804155 0.0007432555109998435 -0.8458124972816944 0.08530263610337578 -0.5266162547015794 0.5238703939588805 -0.05371259142920399 -0.8501027984045969 
29 308.25326259057283 298.33786675883965 297.0222860690785 -0.8337311686961121 -0.5492758435870659 0.05646579492340491 0.35452781467160305 -0.45410184144081633 0.8173747893250911 0.4233230054802019 -0.7014895332446364 -0.5733324234503323 
30 285.81138899557055 307.33338168574136 301.58528606907856 0.6499079409690705 0.6877521026389326 0.32344507042320236 0.43960586403920865 -0.6873385079137169 0.5781975958453011 -0.6199728643801125 0.2335868593364717 0.7490466117523275 
31 284.5291106971862 321.3350601684717 284.40488044396653 -0.5027395687246377 -0.4222184172527579 0.7543106350643224 0.8305570526550285 0.005975174956529587 0.5569014989827472 -0.23964120748226422 0.906474437266057 0.3476725273294217 
32 280.529005440766 300.3893365977929 311.2867430038149 0.24562831844616964 -0.6193447605309649 0.745706910776713 0.9691243545294765 0.13979015685227947 -0.2031174475643107 0.021557240898073638 0.7725741256669516 0.6345585124437364 
33 310.9341323066288 290.2938796630566 313.6334441841411 0.84494749841986 -0.5107680788595809 -0.15868110956290202 -0.16972458053129405 -0.537405866496629 0.8260680973252046 0.5072053742592824 0.671052087600581 0.5407696404657009 
34 298.74207494175175 282.1784998463783 294.1592728576183 -0.25681751419482524 0.6072389884988187 0.7518680570749913 -0.8016282045708976 -0.5683976539343726 0.18524666970917603 0.5398490400465947 -0.5551440514396542 0.6327543726533518 
35 312.40097186163814 296.7955754026167 314.9594085823284 -0.396050664064059 0.04049517763461529 0.9173352779015744 0.5697585574343161 0.7942833143472479 0.210924637678765 -0.7200826742289974 0.6061964674409548 -0.33764890809437414 
36 302.7125548813273 302.07317972450517 319.2470408889572 -0.27237795826344663 -0.9093152170284623 0.3145728594979492 0.9257990646794981 -0.3367375027904591 -0.1717671273934913 0.26211894187716195 0.24444567964053981 0.9335630509045821 
37 299.26868688071283 289.13609359397805 303.94427549478974 -0.4541196071042196 -0.8905719086427462 -0.02563314221716676 0.5806079619124391 -0.31764054980932144 0.7496658426797338 -0.6757734657467652 0.3255551514770539 0.6613199424933125 
38 293.34527658294303 286.88633037611703 311.88652472028065 -0.21767975758409927 0.6592373573405825 0.7197371949710066 0.3111946166957778 -0.6520546748352407 0.6913628653356184 0.9250802309409141 0.37447404143960256 -0.06321201317942611 
39 305.1834420078347 317.6103325524235 304.00837235322734 0.36174424543481987 -0.08850444983450995 0.9280668420185496 0.760087938248894 0.6044191691516704 -0.23862898837012672 -0.5398216622398028 0.791735075843867 0.285916321071677 
40 298.60153886627245 295.7316711729012 308.864992229306 0.2125180537464901 -0.9495484813206423 0.23063772122847914 -0.8958856767566673 -0.28357952944453474 -0.3420109715524699 0.390160135090777 -0.13394152493411426 -0.9109526534811074 
41 290.0464549120518 306.776506682541 292.6232997542055 -0.10023963647945888 0.33994317088649095 0.9350885818178426 -0.6418729801829716 -0.7401930487938712 0.2002831191794873 0.7602309468769978 -0.5801317876869632 0.2923970183254812 
42 318.4622828046189 287.4338344214866 294.0277195253092 0.6631219914352808 0.6679457200198854 0.33781317259992133 -0.7270599990049796 0.682060707022107 0.07859357342291172 -0.17791285035598137 -0.29772757185658394 0.9379260688532933 
43 319.40741931023894 292.35100217630645 281.81335696546074 -0.913095116009954 -0.39319491997847567 0.10795862180432214 0.09756476994383152 0.04639140011063983 0.9941473500752198 0.3959020393791575 -0.918284048047713 0.0039977889551056625 
44 318.0221355710885 304.3483387740994 303.48223321043605 -0.16889655630547762 -0.5482839101834188 0.8190596480734058 0.2979365629079252 -0.8205234359653938 -0.48782691142879364 0.9395252831886766 0.16163553095010477 0.3019374064002584 
45 293.68327829838455 314.3842002457948 301.8071299767008 0.03656394885366015 0.7647821084443002 -0.643250654292491 -0.9993312885843754 0.028130869873594287 -0.02335872035122659 0.00023086905123462608 0.6436745922930668 0.765299265605185 
46 295.81941946386047 319.475400184346 303.16742475100494 -0.4367164896441947 0.5616114755988807 0.7027597442572389 0.7123029793559104 0.6930113868543882 -0.11117411250309525 -0.5494571623644033 0.45202629145416856 -0.7026870274600556 
47 321.7488785749034 315.36471066646186 280.9158289807206 0.6101565703044788 -0.7795973252847825 0.1411983361201144 0.05521228173152266 0.2196239970572532 0.9740209976497399 0.7903547074954855 0.5865094290166262 -0.1770483719617795 
48 303.66658301968926 318.42550108815334 298.014900965256 -0.02122996157289577 0.5561191859831467 0.8308313545558181 -0.5936126949360642 -0.6756925234260877 0.43710820422045277 0.8044707932189683 -0.4839122490364626 0.34446433500453527 
49 289.3818149883504 316.90616418311697 314.5969774560258 0.7206863638319865 0.3904589903150045 -0.5728463510129194 0.5753803544619399 0.12404459061274194 0.80842463299863 -0.3867151570418235 0.9122251456860334 0.13526518728857417 
50 320.70135587730755 282.8901377473948 280.2151246895563 -0.1107037068925991 0.46611112540332383 0.8777728111849241 -0.7461162328102702 -0.6224277850267177 0.2364195837145158 0.6565479848550667 -0.6287480188453736 0.4166781400322904 
51 289.53427534116804 281.28502347850576 306.07366137952226 0.9004301226894232 -0.4094996856651755 0.14675013319800745 0.2225747349759388 0.7235614003089957 0.6533906850677287 0.37374601202407043 0.5556697827154305 -0.7426607644632167 
52 300.16004430703856 318.7546805054152 306.1484051642472 -0.5758953419540705 -0.09294079001123559 0.8122232234230266 -0.8048239020321487 0.23889189865215493 -0.5433131210233331 -0.14353759728152216 -0.9665881596163154 -0.21237770093913302 
53 284.2627677240957 297.54444418414124 320.245891632742 -0.5117883741858199 0.6730564682208555 0.5339172694662568 -0.7874412245468716 -0.1189996273697001 -0.6047936892610536 -0.3435243483835741 -0.7299548474199901 0.5908950353452801 
54 311.9575805361395 280.31857960160795 315.08952907289347 -0.36403559313396694 0.7408582165309462 0.5644530006388366 0.46804282073276793 0.6694711996617847 -0.5768398658067289 -0.8052415816958998 0.054197931897805474 -0.5904647146831774 
55 317.5745343600379 310.2199378088435 290.954216107228 0.20223536112453971 -0.4570416623640591 0.8661488195306419 -0.8530860122100651 -0.5165817573603015 -0.07339988919658631 0.4809834867044351 -0.7240553893356777 -0.4943669474101241 
56 280.25553327188464 307.8407213943723 303.2122652405459 -0.8906324155613548 -0.22444532870716677 0.3954721163026266 0.3186172230757682 0.31248279740190926 0.8948952824142965 0.3244332990166675 -0.9230269745513457 0.2067951613064266 
57 308.7869527357452 318.736558145787 283.4789169803109 -0.6356613099821333 -0.7496377834200691 -0.184330932458022 0.019672337724680165 -0.2544331803750582 0.9668902501590754 0.7717173693265199 -0.6109885026686507 -0.17648045638675028 
58 309.7540289192719 309.7291019919604 280.357914957626 -0.739989950508027 -0.6543457002321297 0.15571312640510399 -0.10392604745212744 0.33995268734145434 0.9346825915947625 0.6645406306676112 -0.6754730749312265 0.31956513457329333 
59 285.97696050643935 309.4789524285019 311.2909148040044 0.8926757390285143 -0.32458615674569674 -0.3126881062639796 -0.2920383695011872 -0.9450048784695294 0.14723916057855724 0.343283579113516 0.04011990176765523 0.9383745402520084 
60 293.48294185421315 295.63648957933293 305.0086568732878 0.8954467081067028 -0.40245501549866924 0.19027651836428777 -0.35834568352361645 -0.39804278629356954 0.8444822741654463 0.26412793120164535 0.8243736414876556 0.5006441202885751 
61 297.292888521904 292.15061287349266 312.7738281998106 0.40236378158010105 -0.2067129720183071 0.8918369438815142 -0.23955130873712466 -0.9640053825006283 -0.11536374210361024 -0.8835827962080812 0.16722251555689416 0.4373992141464507 
62 279.8567313413728 294.35378062831245 310.69893532529375 -0.26854832239014176 0.7729069511680571 0.574888374710725 0.6409788122036316 -0.3021161877403341 0.7056004332561514 0.7190465637547132 0.5579790802004535 -0.41428418411906 
63 283.0619838313235 313.48484856747837 285.6609118467881 -0.6086878886796763 0.6803500119359203 -0.40819470284837256 -0.36022669178503863 0.22141987160539048 0.906206362250817 -0.706919928068437 -0.6986394647577865 -0.11030463989637794 
64 284.801942635123 291.35799534014393 307.70387313413727 -0.2811950239892471 -0.43631102095092406 0.8547292269955726 -0.2688713992308388 0.890814276742106 0.3662759820519078 -0.9212152458352706 -0.12681725966602145 -0.36780409662137103 
65 283.7691699311264 306.3971773945772 289.9631074327266 0.681276044801885 0.17986305171419054 0.7095859591389604 -0.4372885299306039 -0.6773880047472558 0.5915439397167913 -0.5870619152783055 0.7132985165080539 0.38283617119752067 
66 317.4889869421615 303.80868050541517 309.1107585452032 0.5860824202327066 0.7186015996045615 0.37432490932335577 -0.6733057258334567 0.6889375446563223 -0.26837373031427614 -0.45074027582861603 -0.0947459793800339 0.8876127551681879 
67 303.6895085516041 321.8629815013955 285.73893330260915 0.31250815776873914 -0.6610108729099695 0.6822047179716576 0.9201903855732224 0.03240505427163104 -0.3901276288040326 0.2357717235518159 0.7496762890424459 0.6183826938239404 
68 308.79841123230153 319.8529681363136 294.47909918836575 0.6448722220207572 -0.7642060956666971 0.011351678813033934 0.15587541938925728 0.14604622318436544 0.9769203418517837 0.7482263500413721 0.6282193438914836 -0.21330209812451445 
69 285.2136222060067 295.6801641831171 312.9518597562538 0.8519066134214718 -0.19314485609501653 0.4867752937165098 -0.08200026010586156 0.8688418536130895 0.4882517698408699 0.5172340663097605 0.4558606124400366 -0.7243341926724605 
70 309.0324546048083 288.04532369357605 284.6694668817369 -0.9790232344227816 -0.19736755970259703 0.050592023456245534 0.12316904715242998 -0.37549954752916687 0.9186019135778858 0.1623049361045978 -0.9055639879005971 -0.39193235581366526 
71 281.0442514017974 290.43448803031464 314.0405471106332 -0.8852093883024019 -0.14151684214169447 -0.4431448095730449 -0.44056772314293385 -0.05079091347002531 0.8962814091754506 0.149346644374533 -0.9886320177392207 0.01738715948462296 
72 288.77315593875625 287.23090967048176 314.98908830683376 -0.7896090346387074 -0.4514983076313849 0.41553200914360877 0.3947489156477511 0.14468585147202354 0.9073253539820985 0.46977746435078827 -0.8804631068873989 -0.06398321184758003 
73 291.017494559234 287.1317716030417 290.73060712548335 0.776626960081068 0.45490361046118005 0.4357903969394254 -0.60674795056845 0.3540905223289775 0.7116718530880491 -0.1694328461551186 0.8171184780594396 -0.551008079303381 
74 282.7007013339479 303.61366775481997 305.91825403896877 -0.4089866866696198 -0.6172494099724556 0.6721108956233797 -0.7423856010492575 0.6533584348821395 0.14827803250344887 -0.5306538509063549 -0.43832170999964176 -0.7254519757097957 
75 301.0206032337354 298.5834398315283 295.5484323680775 -0.9510207821571678 0.27475217775131455 -0.14167114288407082 -0.29198488011444806 -0.9488881559155176 0.1198169326422608 0.10151010634276621 -0.15531422466779782 -0.982635837900349 
76 316.50352922651507 297.45150730982914 289.48100108815316 0.7896497124542745 -0.30327107060952585 -0.5333666556434078 0.5654374915964391 0.6971690437897825 0.44072187088726045 -0.23818852767925647 0.6496014024866256 -0.7220001683998398 
77 279.4667420692833 323.46236038354203 311.99248522671996 -0.046627138454843516 0.23775846768346603 0.9702045253472709 0.9286093120465685 -0.3476106543126632 0.12981363021162617 0.36811771967661583 0.9069937949364001 -0.2045766370017742 
78 293.3269698389534 318.392996889162 298.82866433673865 0.1255820153753816 0.6224390281508315 0.7725275487960968 -0.906149614873141 -0.24504470574467524 0.34474043518531944 0.40388368731543933 -0.7433187394524337 0.5332496776364046 
79 304.09304524157005 283.8514536702768 286.1455732263103 0.7418115530213453 -0.43669858120014 0.5089302201499186 -0.3508536671259203 0.3940212659261564 0.8494992326437046 0.5715044392376619 0.8087283791086686 -0.13907222855736293 
80 297.587383401183 309.9792795401593 301.1881868807129 -0.17950773035867557 0.2975826344551606 0.9376681451410213 0.22091005285229312 -0.9166143192239312 0.3331920442364226 0.9586322148197786 0.26695086713546257 0.09880036055273635 
81 297.42199688916196 292.4256013646721 300.0375180377397 -0.633056185683772 0.5220588104224014 0.5715719239324659 0.7716084836840071 0.4848191782143319 0.4117896457445808 -0.06213061784964436 0.7017157279810167 -0.7097427868106115 
82 317.9807711421769 308.8366012110506 280.42029695061075 -0.022773076650017314 -0.36698748919611063 0.9299470790068793 0.9762796568695729 -0.2084964356114723 -0.058371807578146986 0.21531237438317682 0.9065591095515204 0.36303052533724073 
83 279.38608939498687 291.45929897329546 290.40319014517246 -0.32826460804176305 -0.6506208036091649 0.6847882278618348 0.929635854851305 -0.3509972800917599 0.11215206972263304 0.16739033568898948 0.6734192448090195 0.7200604115202954 
84 321.1675279847403 306.30267630642396 287.21162795401597 0.7344801149113891 -0.6784304159267952 0.01646607254776813 -0.3601964492350501 -0.36916125848972325 0.8567254421276083 0.5751499619735836 0.6351788220459491 0.5155098304262546 
85 291.43849564738713 291.9872021148578 279.8044356325371 0.4116900186330424 0.7225437775600597 0.555375384822882 -0.2963830586064524 -0.47013117243369107 0.8313445514810375 -0.861782113488676 0.5068601091182481 -0.020601423631110304 
86 322.6136430345393 305.5454685971785 293.9989432496096 -0.4496987313743944 -0.6906051622106062 -0.5664234819711507 0.08591604829987784 -0.6646703284377122 0.7421804276178647 0.8890385164011702 -0.28509272951544085 -0.3582354699532726 
87 288.70896470543056 285.49427301124 309.14018781524436 -0.9862870177519129 -0.16089189675713136 -0.03676569286617977 0.08692024539156704 -0.6957597209446048 0.7129959899271211 0.14029536540851117 -0.7000230055283742 -0.7002035433900018 
88 287.55717521827086 293.7852100391736 298.7056593568376 0.20285963757399855 -0.9344606936825849 0.2926280564224974 0.5673295465471253 -0.13141284588849034 -0.8129377894710769 0.7981134963512283 0.3309288078994521 0.5034887993235456 
89 292.83122357067884 283.05356669739103 302.59515904959426 0.2896860917516886 0.9334790234702205 -0.21142109872648904 -0.7470237030364131 0.35860711796784966 0.5597825667565556 0.5983623946634655 -0.0042246519237464164 0.8012144512979821 
90 294.8358945899583 300.9043398622526 296.54850000000005 -0.5312637457412526 0.03902258986016731 0.8463073141250634 0.8153064646256419 -0.2479873022156642 0.5232376770449867 0.2302915569459723 0.9679770324859994 0.0999312932919323 
91 317.67679555521426 294.2478485674783 306.0282602606448 -0.9453342064039382 -0.017852584178654096 -0.3256140713187629 -0.15332924563037842 -0.8569102702753272 0.4921330421045561 0.2878078884204789 -0.5151563587250092 -0.8073292670454447 
92 294.5067364748957 296.51383287246847 315.73574720280624 -0.12593364742144678 -0.12401973484497515 0.9842559737264046 0.8705016857895441 -0.48965150355395365 0.04968118461665547 0.4757809700741529 0.8630530171642581 0.16962298806166798 
93 285.0972280769133 280.4126313720972 294.510764459636 0.33769607726548406 0.7747515064680177 0.5345291971679761 -0.9051571586767653 0.11153672037384067 0.41018298124672714 0.25817024905226665 -0.6223501130664193 0.7389373852164374 
94 320.31214288091763 304.38711520342076 313.9765483524081 -0.42190761571403085 0.9058049470747831 0.03887623512315489 -0.6427234435591629 -0.26857558993644215 -0.7174773359415222 -0.6394533125271581 -0.32769581984691215 0.6954961615659031 
95 300.11050777069414 279.9431494098369 301.45183239880174 0.6364658082599826 -0.6500878991857707 0.41508673581337 -0.41449588194367637 0.16556757889220697 0.8948634201214769 0.6504647867238535 0.7416017126139924 0.16408065419264084 
96 303.6431881224877 299.4461699311263 301.09606872007583 -0.38271973114398145 0.10227984271805925 0.9181854067489026 -0.8754488473515373 -0.357661935674197 -0.32506500186985865 0.2951523726212179 -0.9282331461132792 0.2264250502764862 
97 305.56696144097094 311.53265920321587 286.0427588652483 0.09377813646840115 -0.9659560845604555 0.24111097822610292 0.7316037946460896 -0.09739378042431533 -0.6747372371479897 0.6752492493738561 0.2396733073066241 0.6975637296941037 
98 321.3132064674706 281.28397839055737 287.1842129963898 0.03894884200288679 -0.2141182515610264 0.9760309226940932 0.780304929594913 -0.603632329931468 -0.16356108067442304 0.6241852325684358 0.767972255104282 0.14356674696297733 
99 282.60083006887373 297.41686458253326 307.9787139309216 0.185994915371119 -0.7844482399989777 0.5916475726465853 0.8520415779680867 -0.17110669766995434 -0.4947197665609651 0.4893169125114558 0.5961236925127111 0.6365575404904624 
100 288.36282804618895 283.9525774253015 282.07555348593087 0.9452753492197115 -0.10137908949118996 0.3101238371545953 0.04153950582619751 0.9801614764826357 0.19379873445173637 0.3236185773611709 0.170310775446877 -0.9307337192524053 
101 316.4230603220934 304.28664925621536 291.0197271423818 -0.7322980230699451 -0.6726209365738953 0.10639868932607276 -0.4050664570259832 0.5558359107764376 0.725925344428575 0.5474127974392522 -0.48849515450389425 0.6794937183123541 
102 287.4860797552295 307.74691184678807 280.25750124177483 0.10964938554720327 -0.232562720200309 0.9663806669331467 -0.3747896707049248 -0.9101528808439932 -0.1765061931612437 0.9206029084149229 -0.34283569631007316 -0.18695980946067617 
103 313.7817880917634 311.7952033566326 313.99406125662495 0.5154062460893726 0.1587932517114127 0.8421051624963342 -0.8470941400561215 0.24298665751887064 0.4726404575894737 -0.12956820356336704 -0.9569441924578064 0.25974967400679994 
104 299.6411388355481 314.6546944977854 302.4134062524004 0.004671430655304865 -0.9998548432639708 0.016385058352449106 0.6974043645844348 -0.008485341010075743 -0.7166276238371806 0.7166626333179467 0.014774687459399636 0.6972634929610638 
105 290.00767428373916 296.2225226975959 318.4975012417749 0.7928600236988684 -0.5851062477155741 0.1703633226502438 -0.11921933259354847 0.1252305395593555 0.9849386085932573 0.5976284243208138 0.8012290501759618 -0.029534312213886502 
106 294.27352347850587 281.7801568732878 282.5647311877513 -0.006462424499676835 0.10341648162546245 0.9946171466437709 0.944286274638636 -0.3266730654429122 0.04010161896005386 0.3290618005765371 0.9394624737808003 -0.0955436641488401 
107 315.7993076785212 293.11398600763 292.1390514632461 -0.5822048847600407 0.17815940025705584 -0.7932822324126476 -0.17773182592322928 -0.9799868995368443 -0.08964973391013564 0.7933781382263712 -0.08879698663923674 -0.602217755424272 
108 314.91101181606365 285.9140216094426 284.5222280769132 0.6528216478125638 -0.7501840969031505 -0.10510812005213234 -0.6791451453910038 -0.6410849822001428 0.3574519787178062 -0.33553802711337344 -0.16196872028583967 -0.9279980420290943 
109 317.5554510203037 283.8472224825256 302.7407482909594 0.2916898026761991 0.9018960251332094 0.3185916176920498 0.19096785301251612 -0.38128098552826406 0.9045198113863432 -0.9372557485182518 0.20299844808156023 0.28344892299313756 
110 321.17433566326145 310.7947587116266 317.3293013032235 0.25750765123655256 0.9025787464905549 -0.34502379039447784 -0.1072820373819433 0.38156323769867695 0.9180958882884087 -0.9603022305554711 0.19940186062432436 -0.19508593995914802 
111 284.9869720152597 285.0553009959802 306.2467108200835 -0.569979629656579 0.7428603646522659 0.3511149390231799 -0.5025454143195682 -0.653257605946563 0.566306106994564 -0.6500548656251428 -0.14633174263182672 -0.7456645980435241 
112 310.91023756304895 313.22304524157 319.1988330260901 -0.3864615480216019 0.8810932923534501 0.27262076602948787 0.9160653975676954 0.332369110070695 0.22439911330028592 0.10710583214693198 0.3364600791187159 -0.9355869579464758 
113 298.6104289499962 301.5256172261055 309.71315951045915 0.7074626451098432 -0.15078463255265448 0.690478529977685 -0.48337276152131464 -0.8159754476048188 0.31707229826235844 -0.5156038975739431 0.5580753206262371 0.6501573327391467 
114 299.142076029905 317.91257011547225 297.40454617610163 0.17226482813283717 -0.17788214306955197 0.9688564249492013 -0.6343612617925862 -0.7724911317558839 -0.029038610425281292 0.7535984464721791 -0.6096026529925022 -0.24591459277403857 
115 304.98850311083805 289.76324922549105 312.7626452108458 0.6233945641549563 0.35565853916193896 0.6963377204368922 -0.7807701553542082 0.33115973352365335 0.5298407264458902 -0.04215663518610383 -0.8739795388987887 0.48413075062016714 
116 295.03469075965893 304.53363199938553 300.5591183142587 -0.7589942405499615 -0.5093003070771052 -0.4056364628866019 0.2696193104686865 -0.8129289154273511 0.5161898932413349 0.5926492809701018 -0.2824177325758303 -0.7543255624015057 
117 316.2231063445733 298.0876281076376 295.7256116317178 -0.20652876854941046 -0.4823289082419844 0.8512958898265394 -0.5259007762544508 -0.6789694588042618 -0.5122780959069146 0.8250904443128825 -0.5534973335844926 -0.11343042104491753 
118 281.79165920321583 289.52317863635216 302.86630628312474 -0.7723839537818085 -0.5692823790244464 -0.28167463654480474 0.34426807256205333 -0.7479088060714644 0.5675490393042399 0.533762608426995 -0.3413941867299791 -0.773658508071996 
119 312.9362106664619 305.4191958931818 321.70690749417525 0.9911154057043775 -0.011391385412564833 0.1325159949358171 -0.08641232666189347 0.7022531754080588 0.7066635602818194 0.10110965520822111 0.711836156687535 -0.6950295847343436 
120 317.26048491947677 283.9402526435723 313.4926501907469 0.7482377354988337 0.481026253691604 -0.4568960871303212 0.4806604999502946 0.0816320283454267 0.8730989037536036 -0.45728084911037953 0.872897448276504 0.17013015555526478 
121 317.0131644903603 295.7827678777172 318.9996324602505 0.8639620645524423 -0.42611188266913297 0.2683248301265624 -0.3399435616980663 -0.10043493120285503 0.9350674839038682 0.3714941801351876 0.8990781323346957 0.2316259615916146 
122 295.8908807512098 314.2801495634585 291.766906406022 0.9933457081889482 -0.09269460288548992 -0.06835213689781969 0.058167002132233275 -0.10844900959126928 0.9923988171000716 0.09940273580513595 0.9897709446708235 0.10233559107114257 
123 305.7235569040121 313.64551368512696 299.3018333333333 -0.3701528891429883 -0.9258940424139305 0.07554509171011431 0.46072226594746457 -0.11235352178363034 0.880404270663795 -0.8066733120162904 0.360689490233922 0.46816798194180453 
124 289.85703405279463 305.6185677855442 314.2240289192718 -0.06841362819781582 -0.771219043899401 0.6328828973860052 0.21256734665018232 -0.6310708093748422 -0.7460326780329954 0.9747485309631978 0.08349143597925258 0.20710982956685126 
125 318.583256996185 308.08513526384513 296.4964194638605 0.20701571775380573 0.4647661343172318 0.8608931019555759 -0.9781605767948677 0.08158678571743228 0.19116872756973002 0.0186112494800619 -0.8816666245175185 0.47150565702298425 
126 307.9481688429732 294.50363276749374 282.68326554778923 0.8790925267547578 0.26161346873876146 0.39844036238615255 -0.4613316954807882 0.25676551481235543 0.8492611713412827 -0.11987241612963502 0.9303923169166968 -0.34641123029374243 
127 304.06197186163814 312.9221324602504 290.2398959853547 0.3537721149718021 -0.7966012508819476 0.4901752112884682 -0.888921625182516 -0.4493801217186563 -0.08874598856849887 0.2909701616166998 -0.40433148937158714 -0.8670942346431012 
128 293.27686660521806 298.3744690580434 322.7750303146683 0.08985314046249368 0.9935201920057342 0.06959914673267577 0.9515423147858416 -0.1062720142540425 0.2885714506987665 0.29409800461925545 0.04029748209602828 -0.954925377511611 
129 282.89377347210495 320.88203747087596 317.25976678956397 -0.73500509009917 0.07199230452547976 -0.6742289118818781 -0.3905005631564111 -0.8578369045706464 0.3341035099055043 0.5543255611126369 -0.5088545501867517 -0.6586275267944689 
130 295.4614773024042 281.15791822208564 297.8140485060297 0.7448953556830317 -0.13399853576478202 0.6535864912119467 -0.13780446601508345 0.9275986248603638 0.3472329481824265 0.652794637101246 0.3487193478573506 -0.6724983109285828 
131 294.1201139616458 311.8611464526206 279.70752550119056 0.9151961169528628 -0.02215772094411081 -0.4023991835441079 0.3140683572136632 -0.5864786031401892 0.7465948801430687 0.25254135208221307 0.8096615857636419 0.5297839012533246 
132 314.42525808433834 300.4534031415624 310.4471582686843 0.41798015805149746 0.5085370983205855 0.7527832404530036 -0.570327941295037 0.7918840701736629 -0.21827885555719384 -0.7071199522382372 -0.3380970852238725 0.6210247451669817 
133 292.27506001485006 309.478548352408 318.4104956473872 -0.7985642961220379 -0.219723850782803 -0.560371746572122 -0.3823795773017075 -0.5337978558101129 0.7542186075635454 0.4648450535626725 -0.8165667630571937 -0.3422539958110246 
134 308.990743003815 286.09593874337514 311.7510108815322 -0.9800632113138229 -0.19863354349542517 0.0045625900197316 -0.008397307266907473 0.06435400021883272 0.9978918016931995 0.19850840551448273 -0.9779587302408448 0.06473897501360543 
135 297.4125797552296 314.53081747190004 310.9227195253093 0.36918479443120455 -0.5602748635398705 0.7414813988537869 0.925334232689083 0.29574967573321365 -0.23725237009860464 -0.086366343991711 0.773708088744766 0.6276277941873087 
136 310.7340216094427 297.20690687968874 320.8675536395525 0.8420062582922263 -0.07852073696374236 -0.5337227321965923 0.5372510787466239 0.21164801793604496 0.816435174946139 -0.048854266776926426 0.9741866404187721 -0.2203943062950464 
137 320.63792816908636 288.1102450264998 298.53384950200996 -0.27418696530252784 0.8064125873171756 0.5239467979428916 -0.676086228075271 -0.5490993476605844 0.49132201111457785 0.6839070991480783 -0.21951912311948482 0.6957603282163427 
138 287.69152363212754 295.0135352945695 303.59199020662123 -0.9493984935158378 -0.025540060962444624 0.3130338732404087 0.09612217287528052 0.9252345413992985 0.3670171266894291 0.29900339193994563 -0.37853500325288886 0.8759613135982335 
139 290.2065517704892 314.57824844458094 297.0995471106331 0.8783631808192596 -0.30005229246593024 0.37208432426939547 -0.3896153147545144 0.0015235530925623503 0.9209764303687227 0.27690797946215967 0.9539215379536798 0.11556673543139687 
140 305.41113774739483 289.9738700232993 304.3899149576261 0.9168772623285897 -0.33098442660052 -0.22312641074681328 0.24380616313669742 0.021757661391906238 0.9695798878830548 0.3160611343417487 0.9433853473097197 -0.10064514811915605 
141 311.71384079678427 310.5699214865454 308.641131064854 -0.6993195346562106 -0.2260830803772463 0.6781140237565929 -0.7123811102497788 0.29855860389728284 -0.6351188186459271 -0.05886715729090791 -0.9272266178265384 -0.3698451797528881 
142 305.15116137952225 286.4736646439819 280.9414679698902 0.8841652625703121 -0.3078649881521581 0.3513843160046313 -0.452883622542526 -0.3802250922932119 0.8064274943374496 0.11466565700652569 0.8721513792115954 0.4756088296516098 
143 309.7658956781115 303.64027409939325 301.03910960903306 0.3643572644701914 -0.38077041901545783 0.8498574420634273 -0.21286121815585884 0.8543779694060669 0.47405525753731426 0.9066056946837493 0.35362716722045123 -0.23024756452704428 
144 313.2990401080472 286.2285088716492 315.7898376859463 -0.9283285939436805 -0.36580806845523867 -0.06626068758771374 -0.09687586327676931 0.0659596862288591 0.9931084467000426 0.358916548491331 -0.9283500292700151 0.09667023519901181 
145 321.561494559234 295.2386312184755 284.77802689658705 0.10588416525404104 -0.7562492245170165 0.6456590849402386 0.8265508170501562 -0.2940394856903805 -0.47995263067166916 0.5528130700175015 0.5844894278533611 0.5939442889240332 
146 302.6711385283048 316.3609326753207 314.288448536754 -0.919748110350504 -0.371013016878888 0.12811227424842273 -0.03181826088672947 0.39579390603130815 0.9177879832633591 0.3912173459610667 -0.840057453544046 0.3758356861239656 
147 313.02982789256737 294.19366884297324 300.64881281204396 0.24360252985821532 0.30512409806158997 0.9206286396961473 0.26857970015843263 0.8908793577199199 -0.3663317003090906 -0.9319456808792472 0.3365014929694131 0.1350703265705404 
148 299.2905388662723 281.32822870420154 287.83095600020476 0.6017515085381833 0.34693543200209936 0.7193962246172393 -0.5881993013170079 -0.41681950705954346 0.6930245886437384 -0.5402931647746471 0.840176948360377 0.04675458845547299 
149 317.22414101185456 283.25609126405004 296.77890251427397 0.4055368086298482 0.8453400115311211 0.3477645205464204 0.6190792299273719 0.02590830170224984 -0.784901055532121 -0.6725182554539669 0.5336000607266352 -0.5128256733761327 
150 309.9892454873646 308.2718882146607 313.6253647361549 -0.7486798227375618 0.34940269230744536 0.5633793407944258 0.5717255938763969 -0.0898702409699976 0.8155079307368359 -0.3355717037122375 -0.9326527212185163 0.13247842568268645 
151 286.0183785749034 300.2646377473949 298.8172566889418 0.3015214841414277 -0.9428795206608607 0.14164393428416355 0.04202270360295625 0.16155532933172043 0.985968543081582 0.9525328797385677 0.29133843735913956 -0.08833474930108627 
152 308.0912021148578 281.14494822951076 300.99489770079634 0.42670984190928557 0.2181713604368319 0.8776787386640367 0.8685116372537106 0.1717752390788711 -0.4649524741242653 -0.2522027889866191 0.9606739950287706 -0.11618618034358738 
153 315.341684858028 314.8364012724992 289.58893656706863 -0.6911864139626371 -0.3228445941105589 -0.646554490516506 -0.0435462059250172 -0.8744349204265909 0.48318453813018236 0.7213633405593926 -0.36212558317817034 -0.590338879716442 
154 286.423997670072 297.0105365363444 290.60180845943114 0.513466609880202 0.7961733880658416 0.32009369983473784 -0.8526303137333702 0.5154505761919929 0.08562856769955435 -0.09681729515466175 -0.31688900207975473 0.9435082255708386 
155 308.2585164759198 283.4785665437694 306.4930461761016 -0.7070130541130771 0.6674943868406059 -0.23363172911653646 0.5733448456075474 0.7344133995976638 0.36319780630760923 -0.41401476945750604 -0.12283404262536762 0.9019443267981442 
156 299.52764832168384 304.9261862534246 315.3426881224878 -0.944511033373966 -0.22929765587556572 0.23520521432318114 0.15662377872650973 0.31502926041882034 0.936069205250018 0.28873499921601514 -0.9209664218037167 0.2616351469848542 
157 287.0814614409708 309.73954835240795 316.3304127813195 0.6710576983511223 0.6608163428159305 -0.33615967418932435 0.4303762788149241 0.021998468450160444 0.9023814747761979 -0.6037034239733233 0.7502251851632453 0.26963743699579285 
158 281.7143184064317 310.62963759377317 292.85724285019336 0.13345725980309142 0.7866464125159607 0.6028072506876633 0.9766133287191904 -0.20784507082762302 0.055016658392551654 0.16856917266769894 0.5813672231975491 -0.7959878050684561 
159 301.0323998771028 313.71199440561236 306.120467662647 0.11578416749411789 -0.9722661547777364 0.20320568602135275 0.6735596747710285 -0.07350245653503645 -0.7354690703256401 0.7300078020679235 0.22202682981349306 0.6463688542642888 
160 295.9363202754949 295.52578606907855 296.54610510279855 0.8542467736241437 -0.3143919456716032 -0.4140291707712933 0.13729416340673475 -0.6317038330230302 0.7629551625347694 0.5014107721690729 0.7085957746422397 0.4964667820831299 
161 295.8866957395602 290.97975714980674 307.63775793071676 -0.9979287727958894 -0.008685143003091193 -0.06373956947694329 -0.04832567209648048 -0.5527795624583046 0.8319251076538253 0.042459319854581096 -0.8332822592731838 -0.5512149150177859 
162 284.80244278874466 287.2619836777018 289.90552487390227 0.6021740730719652 0.122096020175681 0.7889733503593002 0.721153718982928 0.34080119680845117 -0.6031516043674421 -0.3425254725082644 0.9321733240718633 0.11717164576723879 
163 317.48769060603735 309.46280845943113 306.4144474486008 -0.3027455688214032 -0.61816756603446 0.725406079973167 0.6935154987103271 -0.664967126590617 -0.27722729591868217 0.6537441193674868 0.41915102392437353 0.630024638832148 
164 306.3581836162532 281.2106161379523 281.621357272704 0.4994358221785945 -0.4548401707097633 0.7373494955809657 -0.31442170672485015 -0.8882301822395163 -0.33494198557211047 -0.8072811467295826 0.06455666090693665 0.5866255941122215 
165 287.2635505287144 285.70969310238877 294.9429236628517 -0.3427844170537788 0.49567794343838606 0.7979988845943291 0.9229047215238255 0.019134973960701285 0.3845526332773623 0.17534457052935798 0.8682955885873287 -0.46402268524896434 
166 296.762794467061 303.1777697467804 287.3023289807205 0.9079438542201397 -0.20293338262805888 -0.3666824236297828 0.34730173368467004 -0.12536461870713028 0.9293359016825069 0.23456228035108218 0.9711342618770846 0.043344919482570764 
167 297.49541619940095 294.40496113372774 289.0536654248919 -0.4921983448986318 0.8643290353136253 -0.10332525341302348 -0.8565349658343215 -0.5020514325805373 -0.119550037001366 -0.15520515965085432 0.029659362057304094 0.9874369249020954 
168 293.929312031134 298.02344838313235 310.08004151624544 0.749173283696772 -0.4122566383737008 0.5184436855742498 0.07222081933679135 0.8288789110107603 0.5547467026814479 0.658425048315538 0.3781589811156584 -0.6507474477493158 
