1 306.1537230970121 287.4128188800984 311.40197201525984 -0.9523243750860355 0.1718275408595362 -0.2520983554471473 -0.2975413826998449 -0.7057336013275912 0.6429690579944365 0.06743448819452173 -0.6873247996103103 -0.7232131149547759 
2 311.77507649076995 300.5210611030034 309.8556148961774 -0.8164117249216517 0.5560269516913824 0.15590357405538324 0.5471012923631662 0.6583569278522742 0.5169587328244573 -0.18480279030633076 -0.5073462176282633 0.8416933789411017 
3 287.2041439690709 288.51011489617747 319.01271377729995 -0.11220527017288368 -0.6090602950298538 0.7851468234436013 0.7823008541576733 -0.5413462942858706 -0.30813887006856255 0.6127114744556408 0.5796462254523029 0.5372102962428145 
4 280.78337997029985 301.62555581585895 297.4668602299204 -0.2256241180684906 -0.6738327035845286 0.7035930961328292 0.24233158364040028 0.660697287223517 0.7104607647335787 -0.9435937478153144 0.3307999126895999 0.014221703428281092 
5 297.16453436003803 289.9628120311341 293.28317599918074 -0.694582779294147 0.7191696940177578 -0.018700639412139355 0.7191747992924603 0.6947869466798993 0.007662035360943637 -0.01850326378420516 0.008127110779811656 0.9997957687946598 
6 290.08664629899897 313.242451647592 291.42535059016313 -0.5688163721942011 -0.32622842760731047 0.7549986408892997 0.17973297639119737 0.8464793638775696 0.5011673809487072 0.8025858159233745 -0.42077036439165555 0.4228573146208121 
7 291.52205814578696 317.9390537931741 304.22888790741746 0.0471765640984634 -0.9819465612593246 0.18318111974450624 0.9886149934129383 0.019668265572244138 -0.14917625189190079 0.14288025265585078 0.1881332244989365 0.971694974382719 
8 292.5780382517859 306.5985799088512 301.88885509639766 0.018059228545921235 -0.598668434670064 0.8007933376308904 -0.5017175899737202 -0.6982124974060018 -0.5106650256058625 0.8648429476935615 -0.392549887015357 -0.3129716633002775 
9 292.1227890262948 303.29520973193024 315.4361523670533 0.19697042581245938 -0.971251456989858 0.1336909071340912 -0.16744073519201652 0.10103322611090367 0.9806915353055619 -0.9660053061725983 -0.21555253307883085 -0.1427265004464279 
10 303.69725560078865 306.3482341449677 290.7414741915662 -0.9939654591476428 -0.019995436145232172 -0.1078556839242951 -0.10357851309931626 -0.1526183926106031 0.9828423667410204 0.036113122899442116 -0.9880828956976827 -0.14962631314087818 
11 305.8522162608495 311.55302829198354 322.1128731341373 0.0768905805804377 -0.9931883559689191 0.08754843337124148 -0.9929810182929809 -0.08419653369997554 -0.08306407781191154 0.08986954950280902 -0.08054708735059347 -0.9926911054258006 
12 313.36456482832796 307.3332182835344 285.150081931536 -0.5296924517404965 0.14171845194955282 0.8362665764851326 -0.6455582272390566 0.5721556006086113 -0.50585822513444 -0.5501640499097592 -0.8078080521195748 -0.21157899025581509 
13 309.8397462682746 316.81718703433444 286.8891624676755 -0.8546955711875419 -0.5121569939704271 0.08479796058619049 0.31875458224587017 -0.3888211768273397 0.8644151830849937 0.40974503888352637 -0.7658415671519653 -0.49557612647559934 
14 284.8346929359654 286.12698787669314 314.38926291061784 -0.24561141339154838 -0.948373650957177 0.20065505670667869 -0.7987369203546002 0.08070628267386946 -0.5962430947184332 0.5492671168696157 -0.30671471126621586 -0.7773234334680911 
15 305.1655853496173 297.47086038354206 279.5679741915662 0.9132507345686428 -0.30396824491513164 0.27124970395015946 -0.2845815136349463 0.0004596637759784573 0.9586517359325314 0.29152436931940656 0.9526820533590562 0.0860839549538392 
16 282.0686459917557 316.9159217937887 305.1731083672581 -0.5798842703327156 -0.5308817607564392 0.6179796025087212 0.15043843867346474 0.6757175325182454 0.7216467920090437 0.8006887717397962 -0.5114395099555697 0.311972945086947 
17 283.1026929359655 290.59940718693196 315.63387484957894 -0.6458025751184043 -0.28870438552869127 -0.7068159673825559 -0.21109218422308199 -0.8221513747492876 0.5286844113058231 0.7337432273829618 -0.49062908064479255 -0.47000423561419197 
18 318.3902257469852 307.44622185523724 305.7396955859385 -0.0032877133681281 0.5990143020670284 0.8007315760352903 -0.5346616545854915 -0.6777263661487247 0.5048008396811057 0.8450598239513659 -0.4264608288530149 0.3224981478974507 
19 282.58350357170286 289.0821097626546 286.23621595360623 0.4134891853743464 -0.7006380538600461 0.5814920558886996 -0.5598428418381053 0.30801563454894104 0.7692219194199079 -0.71805479318858 -0.6436091099080405 -0.2648860653607237 
20 316.71684079678425 306.2550076170726 297.7187666359424 -0.1124438499722446 0.1707342320676331 0.9788800757006421 0.9446768884327729 -0.28711314762530804 0.15859261307407224 0.30812652768691245 0.9425581480529269 -0.12900457540197163 
21 287.0509527357452 303.05876881224884 314.06616542489184 0.8567269048781433 0.23065202349861233 0.46132272273746994 -0.2630925178034319 0.9647504546635843 0.006235968429859048 0.4436229677707964 0.12671307857676625 -0.8872104926024202 
22 301.8511546969814 318.8315342064162 306.7726618403871 0.9796460181068659 -0.19945592794780956 0.02260557483985756 0.13903738282731826 0.7554607501818202 0.6402715526331395 0.1447835811958373 0.6240964570811146 -0.7678159459629038 
23 301.83079773152065 281.71118812248767 299.0160192795147 0.6761150430976325 -0.2114043181700902 0.7058163094999478 -0.4597120320328518 -0.8696577975971962 0.17988930674895764 -0.5757892809885525 0.4460981162675235 0.6851738279891118 
24 305.0203860383542 305.2600839542208 304.65679803876384 -0.7506355119212231 -0.5306140343748927 0.39369413859894264 0.6574613399664649 -0.6589319599715615 0.36544939263533766 -0.06550507379022578 -0.5331579678223308 -0.8434759431396366 
25 303.37597403794456 285.30329897329545 302.7539709271066 0.9386334985225875 -0.2421054450911858 0.2456666621836315 0.1705186322219744 0.9448426127672666 0.27963517869587184 0.299817530368713 0.22058420287120425 -0.9281444165254031 
26 305.88645149397036 296.2069491640423 315.89423118775125 0.0968934864831241 -0.28992974206729366 0.9521304516409174 0.8521890922828158 -0.47004342187592285 -0.2298541549447472 0.5141842114177908 0.8336665557739296 0.20153081777410176 
27 285.01471315001163 292.3483687815245 292.6469721688814 -0.546237832966955 -0.36841403531849165 0.7522601467683305 0.13924567380479488 0.8456465636227849 0.5152596741058085 0.8259751038392221 -0.38620329881206655 0.4106240857821956 
28 308.04293097268095 312.8426568732878 289.18289583173316 0.7111522254041689 -0.3460058062431442 0.6119987698915171 -0.35453229886770043 0.5752139960834942 0.7371809192927076 0.6070991363544179 0.7412211820743441 -0.286394479489448 
29 312.14075793071675 298.0980659164811 297.6505410425789 0.5254480200252378 0.017275244757880438 0.8506503066302349 0.8462403151409228 0.09304782087717964 -0.5246136026259707 -0.08821398574912505 0.9955117623356159 0.034272784679531675 
30 287.53967304196436 307.3077742530149 300.46360541004174 -0.7727385347089704 -0.3790292271574441 -0.5091286693324826 -0.1561728655993853 -0.6639284205444677 0.7313064258187568 0.6152115026771776 -0.6446207391588961 -0.4538489942920745 
31 288.62266355582875 282.95505285864255 280.65768174719005 -0.3412660510006313 0.2110632813711856 0.9159638495548077 -0.7783853362763116 -0.6097236052331839 -0.14951051297972945 0.5269286011448318 -0.7639956914003347 0.3723665302054888 
32 281.6994241237166 300.1583900837238 312.1193491947665 0.13603767311934564 -0.965226796650005 0.22322854324894018 -0.55724117834064 -0.260850627374343 -0.7883141628563746 0.8191312597220353 -0.017151712077297866 -0.5733496299109375 
33 309.78908317331087 292.49623943211213 312.57340982410335 -0.039934505012939756 0.17912040118599298 0.9830163361757221 -0.4137708907626703 -0.898450579804917 0.14690202723473433 0.9095047472481042 -0.4008770853106686 0.10999398713559327 
34 302.8231291957908 322.0808453030187 294.2655130578385 -0.7881830801718536 -0.05152385639934828 0.6132802983567536 0.6019750418021911 -0.2718526608599762 0.7508143444491462 -0.1280370304953149 -0.960958595884906 -0.24528574319933819 
35 311.89887872852506 298.23211816063707 314.85881452748555 -0.2728811049907456 -0.8411387728770516 0.4669276895857833 -0.716473352476785 -0.14621645496418964 -0.68211925899243 0.6420294679605489 -0.5206787042510883 -0.5627538087029729 
36 303.06176663594243 301.6632782983845 318.65968609980297 -0.339525072897067 -0.8631940527007603 0.3736559276343389 -0.6176236860442179 0.504210232648059 0.6035834853026909 -0.7094108170245164 -0.025847024490930282 -0.7043211085957694 
37 297.93984499577545 285.3767386512022 301.0094740379446 0.777905537174866 0.22156192154452722 -0.5880249060662142 0.21063490202302015 -0.9735792851576982 -0.088183408652524 0.5920269531722665 0.05526020659860018 0.8040213904394852 
38 294.8962485982026 287.9973743759121 309.929197762245 0.8350771109358879 0.5455759963763888 -0.07066152396376327 -0.44276824338819476 0.7427661040006134 0.5022497360822428 -0.3265003850501583 0.38813057973530296 -0.8618306977802751 
39 303.4265808433828 313.2862092710654 302.5237075556239 -0.9229133438110291 -0.31267411185243754 -0.2246460762907616 -0.10271516291006448 -0.3623739638274762 0.9263556043163563 0.37105330496291883 -0.878020506661007 -0.3023233943293899 
40 297.2507504672658 295.65305488132725 308.7792234170571 -0.07372396543164683 0.9761001643923575 0.20443396487434748 -0.7449813958544796 -0.19018350916699808 0.6394004634590418 0.6629988663276466 -0.10516036284712371 0.7411975454183025 
41 290.5886032337354 307.07439583173317 290.88639785441796 -0.11807394840770077 -0.17511048689088218 0.9774430214024007 0.12415614176092227 0.9740010885944359 0.18949177259157116 -0.9852125634452991 0.14372959610912156 -0.09326311184949536 
42 279.71128093555575 290.9690663901477 291.4972688122488 -0.7035668240125694 -0.6779122358217935 -0.21314015265069905 -0.3098592384488993 0.022738529104722148 0.9505105005427462 0.6395162050305927 -0.734791099440685 0.22605544383185822 
43 319.37694403051955 291.59290189978753 279.96437219960575 0.11256765433345291 0.7004760014587019 0.7047424313735429 -0.1778906514481648 -0.6835847808172325 0.7078606950257964 0.9775906297245345 -0.20504930825410456 0.04765859690865074 
44 320.5606826817217 303.3674549120518 302.39966775482 0.8797690072258386 -0.4044442511330822 0.2498626455680458 -0.216797199140753 0.12643105793991133 0.9679949183920954 0.4230903784885526 0.9057814500825215 -0.023547745472076758 
45 295.055449317664 314.9415483524081 297.5098414240726 0.4667875653270464 -0.8808206532030727 0.07914761997028494 -0.8625832186730493 -0.433718853149023 0.2604575729110953 -0.19508859454025096 -0.18984976511444163 -0.9622356816114755 
46 295.6228448421538 280.2887927516195 299.93571532631796 0.4029798557209893 -0.6362077622220168 0.6579110267897509 -0.9050757476364691 -0.38370621156630613 0.1833233052443671 0.13581283784453152 -0.6693349135476806 -0.7304420898214546 
47 285.2070719845354 317.7154398315284 282.3596211178534 0.6351247671997974 -0.43840491522796665 -0.6359384092766865 -0.16628018683609228 -0.8816169622769617 0.44170400868828036 0.7542992970665947 0.17479319817858655 0.632834819139515 
48 304.1158278925673 317.14515904959427 296.7720020226849 -0.024002418270272427 -0.18620089128863773 0.9822184644978407 -0.9960797769048597 -0.07922079046105518 -0.03935917173786111 0.08514083602093477 -0.9793126642916666 -0.1835694517059245 
49 291.68601290421697 319.324964551809 314.81757089638234 0.6187831451397705 -0.06424110399680139 0.7829307120353665 -0.2264175190812292 0.9397710716282758 0.25605749351218604 0.7522250503300422 0.33571329060362465 -0.5669691880235218 
50 279.9333868192641 321.30458815321197 319.7101257777095 0.38539775843125273 0.2555456481875185 0.8866594551960673 -0.5822158910621509 0.8128167434450534 0.018804195544716695 -0.7158863205781134 -0.5234743195876963 0.46204048820566485 
51 292.8440730726886 280.47554524157005 304.58368329620816 -0.7287459954904016 0.46507560493339223 -0.5026270543380478 -0.674022130043233 -0.35753690713549274 0.646422097586375 -0.12092742562664685 -0.809859272794863 -0.5740248391833642 
52 294.40264085823287 315.51139972348113 301.33064210000776 0.9327900902874321 0.32238998862337825 -0.1611438571493872 -0.3594329505469794 0.8651485906757734 -0.34975115455537187 -0.02665711017073073 -0.3841648230735642 -0.9228796168462076 
53 284.8110343600379 296.5539508666821 321.246845149397 0.19094475877780792 0.10841991981510175 0.9755948032265094 -0.9652484820903371 -0.15991828820642712 0.20669182112368759 0.17842496158773677 -0.9811581228754176 0.07411660406414682 
54 311.66753016104667 318.4914236628518 310.8049064060221 0.3923235281282858 0.7392247148304989 0.5473838417972728 0.46812522398415934 0.3518014052805034 -0.8106136847552253 -0.7917960747230028 0.5742670042988978 -0.20802976668451764 
55 317.89270879739865 308.4045076170725 288.61076337148273 0.2631954248412506 -0.23076684165761416 0.9367362665841454 -0.8968622679627276 -0.41630179653362825 0.14943522512321633 0.3554802957231036 -0.8794540800941478 -0.3165348011804877 
56 281.53249891184674 307.0030195867578 302.52403855902907 0.8220281880459727 -0.30935147495451126 -0.47809133332588605 0.5542092087772326 0.6275375717833226 0.546853498577823 -0.1308503380368939 0.7144916101283203 -0.6872990092324234 
57 313.8793440612439 319.0005646747063 283.61858240520274 0.05955665528281598 0.8291717313176326 0.5558122387958397 0.5993134322302635 -0.4749831313469649 0.6443713485904018 0.7982959443463964 0.29472913822619995 -0.5252221628230637 
58 308.39788401566943 310.9137473564278 317.00693206083423 0.6869606739728927 -0.0149522457845507 0.7265407509291597 0.712361178136682 0.21144808986632543 -0.6692019554481298 -0.14361958187665463 0.9772748516348307 0.15590792174772336 
59 287.35162795401595 307.4220688736974 310.6741052564202 -0.7872660530075702 0.13098250572376086 -0.6025410732690399 -0.11651731849496151 -0.9911741373052262 -0.06322613405850835 0.6055046459546156 -0.020430681133215653 -0.7955794812561523 
60 292.68040951686 295.5773302224954 301.94818594618124 -0.685552731358609 0.7189009192313691 0.11488655645915946 -0.6943057558185123 -0.6930788076631484 0.19385892758785428 -0.21899079881135505 -0.053134119890341704 -0.9742791157257983 
61 297.113157961441 294.6913327188469 315.69980985482755 -0.9227930400764633 -0.3172388100145285 0.21866079348389064 0.1594223464470408 0.20227804534960672 0.9662650298043813 0.3507670461143101 -0.9265220611459333 0.13608581693230515 
62 320.58919885039813 295.7285258084338 312.389063586553 -0.9531301237266923 -0.10177899515881249 -0.2849280670436013 -0.24404638801673487 -0.2980282944752126 0.9228328647096294 0.17884162753879804 -0.9491154681263277 -0.2592209490427335 
63 288.5177744066365 314.4286172261054 286.55553016104665 0.017096052685407922 0.9998407402848621 0.0051204540029873465 -0.22788859162084382 -0.001089895674533277 0.9736866035519268 0.973537115261481 -0.017813090524599645 0.22783366523478563 
64 281.9034194638606 292.3710133650819 309.7772730112401 -0.0555959671019637 0.6495654080170088 0.7582703140369497 0.8632892131766547 -0.35028385514110955 0.3633633928181463 0.5016381393542865 0.6748081220133489 -0.5412884403070016 
65 285.74679244437624 303.89426524054596 291.7784698389534 -0.7884631759161108 -0.6147002476173716 -0.021666236484956098 0.339450302061701 -0.4642405307009997 0.8180795939788953 0.5129320741136159 -0.6376710243014032 -0.5746967479566101 
66 319.5045634329315 300.63887328775894 312.53643097268105 0.13921805731200387 0.9822959961693075 -0.1253511405134372 -0.29639267187680024 0.16211463519236963 0.9412067940225337 0.9448649197509683 -0.09387982193309485 0.31371461945182993 
67 308.00038262027294 321.4269689044218 282.41638821466057 -0.4872425078147973 0.8329083561167089 0.26240885825236354 -0.6365737620756563 -0.13305998736410196 -0.7596505020070154 -0.597803131486608 -0.5371766097603525 0.595040087650554 
68 312.92716137952226 321.5039958010089 289.4397569961851 0.8769328984323794 0.1781498105077861 -0.44637577965546693 0.4446457097394709 0.051799675325357245 0.8942074627548519 -0.18242501050368196 0.982639017468891 0.03378870951226508 
69 285.57162593133114 295.94819045241564 315.11114505722406 -0.09182766747035233 -0.18146907264674098 0.9790999209272188 0.3255310105992466 -0.9346997956371389 -0.14270898070592494 0.9410617623860761 0.3056227539117833 0.14490511262957512 
70 311.4105020226849 287.13942179378853 284.2750290728935 0.09658182125446955 -0.8481955137970947 0.5208035351047959 0.7372456815040902 -0.29056902948498176 -0.6099495423456971 0.6686858432079591 0.44287019484115264 0.597264793550248 
71 320.6883967662647 290.65241946386055 313.1235601684718 -0.4189900428565775 -0.7994874672912018 0.43042668787070215 -0.6187951372704078 0.5983332604307433 0.5090087303306432 -0.6644847041712398 -0.05307635167018994 -0.7454146354988223 
72 290.8421560923779 288.3271795708837 312.8698619453621 -0.6603243064119642 0.641557940018475 -0.39035268663198586 0.5095049265381328 0.7645836962729855 0.394735989272464 -0.5517033081239707 -0.06176715140578807 0.8317501300344242 
73 295.7506450572242 290.1245032644597 288.3715729190671 -0.3904347759355583 0.41415030825127913 0.8222166429327011 0.8843176074697975 0.4170695831978526 0.20984597182234105 -0.25601377865076685 0.8090318194895304 -0.5290788789910404 
74 280.849315141972 305.2237066210923 308.17581063573755 -0.061603159016248486 -0.15999958626675345 0.9851929674909816 0.8939482140369602 -0.4478539381407089 -0.016835697549767954 0.4439162549618428 0.8796743616170282 0.17062056175715196 
75 302.563851831938 293.8190363827227 294.25927534116806 -0.6817910569851015 -0.6290765091653316 -0.373394831554346 -0.22232335263434203 -0.3080974202861 0.9250125980150089 0.6969456804432933 -0.713679707732685 -0.07019966725009819 
76 317.8227010267046 297.6119580228896 286.08429057531305 -0.41207243908796637 -0.4901283676247558 -0.7680953639969367 0.0031354859584684413 -0.8437523119771208 0.5367235831981557 0.9111456928899453 -0.21876064381592009 -0.34922386379705733 
77 281.7966892106409 279.1590265893439 309.7907770566096 0.5561734517369412 0.782213938590793 0.28073554434252745 -0.7382094484610924 0.6201515520185686 -0.2654408836854833 -0.38173014262143845 -0.059610458841062815 0.9223495494718769 
78 291.5747226361472 280.97803886627236 296.84502208310937 0.07476000311154937 0.9848324534553797 0.1565757981164991 -0.9794873338158206 0.04305732290412734 0.19685179663570482 0.18712430314936762 -0.1680806519662127 0.9678498796845905 
79 312.22128824538504 282.1676366592417 284.97429555521416 -0.8610089935738503 -0.22465289685979176 0.45628345238179435 0.3787870212523185 0.3154246277560769 0.8700733858334802 0.3393875447268844 -0.9219752600463008 0.1864878396754411 
80 296.89420864377706 307.8418387740994 297.9770836469776 -0.6880946815972849 0.7093762092972274 -0.15267973945690141 -0.6124810834831331 -0.45497600782611275 0.6464238197018581 -0.3890920604855063 -0.5383142446431364 -0.7475460805070365 
81 299.7008184064317 290.1986487825486 297.7109685971786 0.28256478063840224 0.5845556719120041 0.760560195631008 -0.9334097281578138 -0.015231502974014733 0.3584888850403995 0.22114118594944698 -0.8112106186143386 0.541326064515846 
82 318.0457074020023 307.804192321479 320.0517924443762 -0.7890365704150495 -0.26981039621257935 -0.5519272059277994 -0.603848652207761 0.5059807141427956 0.6159142165451431 -0.11308446301118018 -0.8192593405089487 0.5621619314879971 
83 280.0555945285096 295.6540701154723 289.78566340220704 0.4209160235115087 0.8596391750871567 0.2895689724516971 0.8387778492701364 -0.2473064498859282 -0.4850682832535879 -0.3453714243029118 0.4470570528470523 -0.825141545902693 
84 321.5178586809024 306.17897978595397 285.81813650562003 -0.035871859720099486 0.5562376199455902 0.8302487096271134 -0.6325978305499991 -0.6557875703146966 0.41202262972339465 0.773649270964341 -0.5104335145521037 0.37539903137638875 
85 295.3058858847326 292.88808613052726 280.5273675397497 0.7367902859350635 -0.32300755967601813 -0.5939749076719243 0.6157809594278584 0.6833531490927999 0.39222733666976844 -0.2792022287837889 0.6547477300587584 -0.7023898671144596 
86 281.0839654863405 307.3055839542208 290.82650746345087 -0.6528491125135945 0.7145289783985398 0.25146843801748026 0.7572277074285796 0.6069110304708649 0.24138185556344224 -0.0198553618116025 -0.34800479899210024 0.9372824678216265 
87 290.94081405381877 284.6016223596283 308.44754602247997 0.43997296295268995 -0.8980102011035515 -0.0012126766221772108 -0.5387400777917506 -0.2650313365488554 0.7996983926631752 -0.7184587117236219 -0.35119235379075275 -0.6004007080170245 
88 286.4799819622603 290.4282733184833 301.0661677548199 -0.2676266781823447 -0.791793495422209 0.5490346270793526 0.32851977082786876 0.46069010234840596 0.8245237351182922 -0.9057873488298943 0.4010332781768814 0.1368268558961128 
89 291.0930268965871 284.64935898814565 300.82419045241573 0.1622456938123277 0.927493562877011 0.33679671266368433 0.9737484203476529 -0.20571866322855462 0.09743636625976755 0.15965697200500664 0.3121466360881769 -0.936522358979767 
90 297.6918742222906 296.96879431343945 294.37238852190393 -0.9717346087496245 0.202386606309349 0.12153810819985086 0.23424182047088973 0.890640441043369 0.38973115646629614 0.02937038816045987 -0.40718456056763647 0.9128735476146983 
91 314.19037950943493 291.0513805975881 303.3317871572317 -0.7682627065199921 -0.2182072260440992 -0.6017956632219245 -0.5545141897238529 0.6965496003754197 0.4553379707555057 -0.3198224932137847 -0.6835234163647798 0.6561320843515723 
92 295.91696875080015 299.0016630949638 313.5573118775124 0.0019881778285560704 -0.9819592701911279 0.189082095489312 0.5403423321568313 -0.15804750239009474 -0.8264690865770901 0.8414429340295386 0.10381222795971513 0.5302799355979835 
93 284.1063645825333 319.3155883068337 292.5845505287145 -0.5483145213496196 -0.10514179212916563 0.8296362993655744 0.4345617868875507 -0.8834277008815962 0.1752471132206061 -0.7144978929669676 -0.45661876972253806 -0.5300868420200971 
94 279.5679096704816 306.09895242850195 314.6266666666667 -0.9717898566520894 -0.23521382332084145 0.017289645077434492 -0.12645043640622733 0.5815056302872463 0.8036550809127676 0.19908481017090893 -0.7787975727125913 0.5948441637069236 
95 301.7683364441713 318.6151368128632 301.08825714980674 -0.5526206476740603 -0.47926913332535903 0.6818442033235022 0.828112103177453 -0.22346078026102928 0.5140969016208398 -0.09402533879394288 0.8487439999945162 0.5203776111036993 
96 302.4644763678727 298.4627562152752 298.60481514197215 0.4886680582760284 0.08579046950164869 -0.8682416277531404 0.4462789512984118 0.8305331045742216 0.3332414437525663 -0.7496923545353311 0.5503224123629644 -0.36756851878565244 
97 307.85943983152833 311.8354009652561 283.79777534116806 0.9007027790207548 0.23392644727271752 0.36607775284856375 -0.33156900875428796 0.9146267788032524 0.23134357118728258 0.2807071361721905 0.32975183511596684 -0.9013696416785179 
98 320.2771278003943 282.09069356325364 322.8808947435799 -0.8994496064872004 0.1283133641183514 -0.4177631936619733 -0.23506865696137091 -0.9479105828119846 0.21496105114048203 0.36841977675526477 -0.2915496657203944 -0.8827602508687888 
99 284.7558925672735 297.76080876667436 307.61066246767547 0.9177053629645651 -0.3665998786362286 0.1530405036909451 -0.26004172684633786 -0.2631157842935048 0.9290577938720435 0.3003251023222172 0.8923982367976286 0.3367940318289998 
100 291.31142614640146 288.1124600455744 321.987184537983 0.07435660682053213 0.966843574499128 0.24430431324863255 0.9872837089355291 -0.10588872073463183 0.11856836378937097 0.1405061318684794 0.2323813272854171 -0.9624224361663778 
101 317.0507796937809 303.16453762449754 288.4289751260977 -0.6678324435181666 -0.27473996728964917 -0.6917497941873471 0.025303724409168903 -0.9372251021169489 0.3478057352789048 0.7438814078302932 -0.21477210790872772 -0.6328612744898069 
102 289.31961287349264 308.70816697390995 320.67382478172925 -0.20433943388177783 -0.05992355083149212 0.9770642577725481 0.5427503670632964 -0.8375922534947476 0.06213900496666881 0.8146578636541428 0.5429994336473436 0.20367665611240773 
103 312.48468718795607 313.02023227590445 313.6096190951686 -0.46827519921356675 0.7884034621396381 -0.39892144425654363 -0.5591160926878045 -0.6139929548939326 -0.5571371879870698 -0.6841838442253789 -0.037850128491837526 0.7283267364817344 
104 299.8487576234734 313.19500450623445 298.6771899915508 -0.37065978789843823 0.49305000110858327 0.7870914928024002 -0.6292341543990033 -0.7566397263760758 0.1776533236596165 0.6831366631742624 -0.42941590664104146 0.5906998210180759 
105 289.01853575543447 293.36139474358 279.1822313413729 -0.8883470376691323 -0.45905635375676757 -0.01033463787555336 -0.10878196019122041 0.18853740103066133 0.9760226091385175 0.44610091436964516 -0.8681710156922682 0.2174236916953207 
106 294.13389132549867 284.291085042374 279.0503053485931 0.6480939124638068 0.7389079536555188 0.18436191757510315 -0.000551506308607611 -0.24162898567518443 0.9703685532427219 -0.7615602251090502 0.6289916289635291 0.15619076229297005 
107 317.33804602248006 293.1769081214636 290.5343009959803 0.8448224194750635 -0.31072177781277255 0.43557669398760296 -0.25718107318007427 0.47805092603504884 0.8398364172355101 0.469183306555386 0.8215347155841329 -0.32395637968691476 
108 317.8458076785213 286.0817742530149 283.8764407660599 0.8116199218854434 -0.4725837255633576 -0.3434206236254949 0.3859397749439226 -0.0075473340594697375 0.9224931045080116 0.43854713830431696 0.8812534596137775 -0.17626329000629248 
109 319.00942257469853 285.0186161379522 297.7560334255063 -0.44241826970561765 0.8939797521094456 -0.07117778760977117 -0.5805786408165684 -0.3460018661437198 -0.7370285954104151 -0.6835162883635375 -0.28475061271822594 0.6721030963314545 
110 321.40350000000007 311.9243097012059 317.5902613487979 0.24485451829674643 0.9640348984131702 -0.10335849994643283 -0.5793160952553993 0.23094964572185436 0.7817001489823237 0.7774568326587051 -0.13152557083113897 0.6150299972926825 
111 283.6547467419414 280.31085992267714 302.41013028394406 0.4397548828173235 -0.6153731795444511 0.6541647292048653 -0.30751708267015154 0.5811758373474722 0.7534373828988734 0.8438298921609498 0.532494597137675 -0.06633714732203258 
112 310.1088645825333 316.8291588959726 316.8204690580435 0.5708643911947853 0.7037732291271365 -0.42286769660234197 -0.4083008605453599 0.6901757374996699 0.5974511349430222 -0.7123231388518309 0.16840633399831165 -0.681347967286558 
113 297.08766884297313 301.4190127505953 307.0689298845278 0.27523460440310427 0.9605841021773405 -0.03903966166886241 0.46027532708153934 -0.1673159986517477 -0.8718669507873036 -0.8440334921192695 0.22199896224829602 -0.48818431451822636 
114 300.2122426965717 316.3863698696777 293.56749767007193 0.5737079585831092 -0.5430206210307238 -0.6131784270453491 -0.08597536174440734 -0.7844264776757979 0.6142339442704703 0.8145350915898714 0.29967266518077224 0.49671810749371 
115 305.8682021148578 292.46389241365193 309.8441117853394 -0.8606963482805694 -0.15290042976810406 0.4856163656974731 0.4303276378332488 0.2912334503963193 0.8544010776486128 0.27206602171779987 -0.9443540310429049 0.1848662864874656 
116 293.82920849015545 302.67862826125923 296.7909560002048 -0.9780727274976939 -0.1082422269910045 0.17792515286279656 0.04131830616229628 0.7364927558790918 0.6751823591545467 0.2041238283520577 -0.6677290175165734 0.7158710930504534 
117 318.49898274317025 298.799354161866 292.8785203676679 -0.6605778817343413 -0.22414885336896972 0.7165152850405543 0.7025266056263546 0.15200704614185817 0.6952339363914417 -0.26475126165984275 0.9626272120902272 0.05705804056325884 
118 282.79199362470246 289.0600356018128 304.17204088895727 0.6108894558612118 -0.5164224025120677 0.6001016371426232 -0.32302284383989294 0.5294390324519976 0.7844428298313909 0.722821080956542 0.6730543908927136 -0.15661248936420932 
119 310.94576648232083 305.9537374094272 317.82455503494896 -0.2656468096128554 0.963216920128719 0.04055782686802428 -0.5719691816659269 -0.12359942313548919 -0.8109096360415161 -0.7760689581260926 -0.23861338474260288 0.5837641859987298 
120 317.51028404639374 280.9469320608342 307.40200870522574 0.3999774180748501 -0.15350651905606058 0.903578338406509 -0.7940915369058208 -0.550312481466995 0.25802093666249254 0.45764254177766706 -0.8207264595155506 -0.34201079311382204 
121 315.0899396779066 295.0467638323476 318.9756291957908 -0.6201319699996505 -0.2682410203389052 -0.7372130592928313 -0.7839701001927465 0.17744491392423806 0.5948984657285601 0.02876146359503752 -0.9468685534592236 0.3203322036291522 
122 298.07447201525974 314.2844903602427 288.49600000000004 0.08892284705776522 0.8451204794189524 0.5271281651911813 -0.3686686074338985 -0.46371163612604455 0.8056394829041442 0.9252978899597099 -0.26597536312220127 0.27033483136311154 
123 305.8330561231022 312.9869300381494 294.33752798474035 0.6559133342222392 0.7529409999030584 -0.05345604413392162 0.7262178748389279 -0.6487762869148037 -0.22736958416083644 -0.20587689587196217 0.11031400727942531 -0.9723402303433095 
124 292.8583840156695 309.2196708656579 311.7370676319226 -0.0731132778116673 0.9275756894640403 0.36641204800462573 0.569998289217047 -0.2626142767505304 0.7785471674448733 0.8183864606023693 0.26577637585403474 -0.5095159655404545 
125 319.79212360140315 304.98367972450535 294.1568956781116 -0.8361694011821885 -0.18974090599535093 -0.5146057919599075 -0.08033192421541305 -0.8857687127711565 0.457122050909358 0.5425564620189037 -0.4235707450565874 -0.7254104420627935 
126 307.87139147912023 292.44364194638604 281.16204524157007 0.3038725740027721 -0.2916326876802959 0.9069795114804395 0.0854341657078082 0.9565027333750876 0.2789328312977817 0.9488743131198887 0.007272999542931125 -0.31557034299646713 
127 303.71899642829715 315.7964127813197 289.51404632972327 0.5442532367999142 -0.04658236241971251 0.8376267054865282 -0.3505225825821054 -0.9197525224253245 0.17660469017617875 -0.7621826115392408 0.38972475030931 0.5169064573630017 
128 295.9444073405537 297.6540660701028 283.6323023913768 -0.43798281190564237 -0.29968436882549043 0.8475614051836563 -0.8910466604780929 0.019714397155234764 -0.4534833970451886 0.11919272346108688 -0.9538346930293913 -0.27566732314051257 
129 283.06463992370124 317.7098289807205 316.15818050541515 -0.7450660702362737 -0.3400592060761993 0.5737911530735736 0.5995113290683018 -0.7184875867669175 0.3526496192832335 -0.29234007132350787 -0.6067415627964482 -0.739190069382625 
130 294.94298398494516 282.39411598433065 293.8273011496019 0.32437840106609994 0.5892948898948502 0.7399393121504066 -0.4806517456408032 0.7764096647282983 -0.40762965045361976 -0.8147101032479267 -0.2234268678120701 0.5350961431419968 
131 298.9012775174745 312.8121021455822 321.51122496607536 -0.2565526758247278 0.9647734995921484 0.058247909935814864 0.9581991494475898 0.24598340227041035 0.14610460569533376 0.1266298326820651 0.09329662529905221 -0.9875528467797156 
132 314.96842055201375 302.52882819981056 308.1883184064316 -0.05445951472635439 0.7464587887188229 0.6631993953557238 0.9071718190073003 -0.2405360246063328 0.3452270436474635 0.4172211069142561 0.6204366991168483 -0.6640669020017729 
133 295.1064191566173 315.5367571498067 313.34067739457714 -0.2951256960876814 -0.8582469431707421 0.41989642537992455 -0.6124698382500204 -0.16736997341427765 -0.7725723197431406 0.7333358853504677 -0.48517983937647347 -0.4762551865542939 
134 311.88239350180504 287.97129912691713 313.8461222060066 -0.5894232450118312 0.49146364772630935 0.6411269150513593 0.8018221667534912 0.4524960915680391 0.39029283879977295 -0.09829268102182137 0.7441174437407044 -0.6607781615476875 
135 294.2846503443686 312.99069900401986 307.33424409196823 0.15452909455180316 0.5359866523894802 0.8299632928011447 -0.10211414331164795 -0.8268903212419336 0.5530145552986285 -0.9826970340205206 0.1702078291287684 0.07304679479993578 
136 310.6594592646646 297.1160107279106 320.87297730240425 -0.23796739182491994 -0.06204470350432704 0.9692894176638397 -0.3960240569727304 -0.9050363397083961 -0.15515853217302678 0.8868689118054064 -0.420784598784567 0.19079794207172535 
137 279.7671697775047 288.2064294108611 295.4075408889572 -0.8466442020036646 -0.4875424540872382 -0.21329779810436716 -0.4176113402019776 0.36026729982816397 0.8341512100388228 0.32983990623981374 -0.7953048649022055 0.5086214782277635 
138 283.6606623140538 293.9638236935761 305.25515904959417 0.14663210571623278 -0.4900030163548261 0.8592997553452437 0.4782262316172809 -0.7253097698609616 -0.49520239209577116 0.8659091736240921 0.4835522533371259 0.1279785971412003 
139 291.46154928693966 317.1404978236937 294.54243284174413 0.549416774805946 -0.8339114368228526 0.05227736697537381 -0.6984584012881954 -0.4240341424225881 0.5764988358443395 -0.4585815840521409 -0.35325169723015537 -0.8154239199166553 
140 304.2011161379523 289.8714385897535 305.6447119082368 0.9598889159294189 -0.27169727610600786 -0.06923770094696025 -0.18435051263669355 -0.797641331714097 0.5742675286240293 0.21125377527143344 0.5384690298410278 0.8157346053316783 
141 307.5891063445732 311.43827207670836 302.909684077118 -0.8656711252886613 -0.499065430583659 -0.03933444848742413 0.20498304362774705 -0.42504909203068036 0.881654819750337 0.45672251385996754 -0.755160224959075 -0.47025267673155335 
142 307.51142925723946 287.521118941547 320.16954944056124 -0.8930406587580278 0.027638085617235762 0.4491263942682971 0.44992750069791293 0.04019493142117877 0.8921600818260007 -0.00660499210873157 -0.9988095432621082 0.048330842820941466 
143 311.6578689351461 302.6045548813273 298.7675834933559 -0.9129302719642299 -0.3761143107531112 -0.15841825582308727 0.17949879825521564 -0.7186528610061607 0.6718022378591731 0.3665221684376682 -0.5848727131730221 -0.7235920186329984 
144 317.44075714980676 285.9342967969891 311.37353342550637 -0.38864528755146854 0.6601043769244063 0.6428196108001666 0.7157002231612962 0.6556620432470317 -0.24058361459583694 -0.5802827164675051 0.36656445082736594 -0.7272568132088724 
145 320.82691091225644 292.9590368435876 285.4893851038226 0.4076852717457577 -0.34620527435125453 -0.844946523285918 0.06688213942223385 -0.9115303342326885 0.40575759906617687 0.910669807684373 0.22193322821294076 0.3484625425882813 
146 303.75097310341306 319.04596331003404 313.04325248995053 0.17551250510037023 0.20962206919900903 0.9619012156443709 0.5274012431707679 -0.8450543611792184 0.08792642011313635 0.8312901354252442 0.4918757106797501 -0.2588725477681437 
147 313.91687095783095 290.71266666666673 298.17236131807374 -0.9157825307009937 0.34782001270642876 0.20090693174647642 0.3823957422369961 0.6018428492335725 0.7011124596991786 -0.12294654440812948 -0.7188924979350633 0.6841620594791742 
148 300.20901275059543 282.1395921985816 286.8574225746986 0.14017474436710867 -0.38870962346151483 0.910634871762565 0.6181685693057491 -0.684086128486617 -0.387161192185729 0.7734459651223863 0.6171960769808884 0.14439647362488434 
149 320.4586700847479 282.8685879995904 292.54936038354197 -0.31659250908453335 -0.9391022500693673 0.13362689514544196 -0.08222662080297584 0.1675132201931003 0.9824347835311316 0.9449909872707164 -0.30004380509383816 0.13025263529743877 
150 310.7835999692757 314.1144796323323 307.0692924443762 -0.5294645107956967 0.4266080511829212 0.7332618239577073 0.5233157428566363 -0.5160539613145658 0.6781068811698872 -0.6676885240037331 -0.7427609842186493 -0.049981548958185774 
151 288.23671284276816 302.0548698696776 298.3825278311186 0.08649950406499872 -0.8939520561020038 0.4397357811089622 0.0006602559587918816 0.44144150149225336 0.8972897886537737 0.9962516749589826 0.07732478355136779 -0.03877470812470395 
152 307.37125373172546 321.14169371687535 298.14329026806973 -0.45311382655780313 0.8813041679929717 -0.13412987609164892 -0.8840798967594027 -0.46356182663860357 -0.05927199194699875 -0.11441414391599027 0.0917245679286483 0.9891895709672002 
153 320.75601943313626 312.7610676319226 288.9696503443685 -0.16177015171707704 -0.4451865775354259 0.8807038828094993 -0.9828003632257197 -0.0078730850827075 -0.184503280661005 0.08907224066356095 -0.8954032196243068 -0.43625589993672076 
154 292.01656249839976 298.30056219115653 287.7848655170649 -0.7380380132849278 -0.6128988355984567 0.2822320114170126 -0.6746918993097142 0.6644050802394802 -0.3214914156829391 -0.00952533213530269 0.42769253754774034 0.9038740849109941 
155 308.5405290728935 281.85411535704225 302.13050108815327 0.7291427932005202 0.20202240718841594 0.6538636968952638 -0.31118103331233726 0.9488236628222801 0.05385184653452488 0.6095220682062353 0.24273566664648227 -0.754693477186123 
156 301.7195494405613 305.8450010881533 314.12210105742895 -0.3684268377462747 0.09220886678043348 0.925072532353733 -0.4226016841113697 0.869703145919485 -0.2549985383565658 -0.8280516178442722 -0.4848855152144888 -0.28145435743769076 
157 289.277069808229 308.7900087052257 315.5209396779066 0.4035690646865849 0.9030494731405964 -0.14708385053596662 -0.8562679839789002 0.429417948207438 0.2870633473120939 0.32239284985976613 0.01009330559374441 0.9465521515170147 
158 286.91943656706854 308.585585042374 287.860518344983 0.42105766369953396 -0.2979853377227664 0.8566884978462935 -0.004055628914250435 0.9438665416498344 0.33030213960568144 0.9070248043543241 0.14255065785969684 -0.3962137229195476 
159 297.8837086437771 310.2527030493893 302.53663650562 -0.8697056876213409 -0.22154264538963314 -0.441056541945422 -0.4458606542542702 -0.030655990120893328 0.8945772673490321 0.21170803930656754 -0.974668695785122 0.07211545985083903 
160 298.16184390762226 295.05585572368585 298.5137411347518 0.8890791725452968 -0.45608868536982927 -0.039004307759414894 0.0038019341573651425 -0.07784765983592744 0.9969580167463086 0.4577376653093265 0.8865229004011632 0.06747871383981874 
161 294.08497652149424 291.8418924136518 306.13737391504725 -0.06412959727824682 -0.8518630718725468 0.519823721594925 -0.7040140607139574 -0.3305627892587514 -0.6285637952304591 0.7072846648061683 -0.40627275214730046 -0.5785247218509201 
162 289.6125569040121 288.46631311928724 287.8643331797117 -0.8339007450964231 0.25942036523699263 0.4871453801771456 0.5509632568756035 0.33949122554646416 0.7623550336621301 -0.03238883913725214 -0.904127635833163 0.42603307526772666 
163 313.4436288885476 308.296873287759 305.46643454438396 0.8442287329748519 0.5346734432168716 0.03744536738090699 0.41710429269847515 -0.699251836527204 0.5805780551535145 -0.3366034097156195 0.4745220524190077 0.813343080339331 
164 305.2833403231176 282.5987610415547 319.56715252067494 0.6008628353713178 0.7993324691737349 -0.005608635677297421 0.32832503944750036 -0.24039438506313235 0.9134622094547293 -0.7288117188556568 0.5507069487075129 0.4068849162895127 
165 289.6993013032236 290.2490049799013 294.6225157078118 -0.010636880082723073 -0.34464464245718923 0.9386729607310855 -0.9950762258204308 -0.08885913674017772 -0.043901692732256664 0.09854015216688522 -0.9345181240849996 -0.342002506083772 
166 296.97613728652993 302.2806550042246 285.6348594490104 0.27589460111927266 0.932663094886641 -0.23242573116957113 0.21378466706051508 0.17621132132207046 0.9608567460177165 -0.9371116716822294 0.31478424622970363 0.15077331701111749 
167 300.0961534552065 294.6335321837315 290.1455073098292 0.4467417685166286 -0.8342552798754774 -0.3231716575792558 -0.6377862183521056 -0.5502896097560258 0.5388971006367368 -0.6274157568492807 -0.03463341442088434 -0.7779138735507907 
168 293.2158473257035 298.2668975471747 306.709770681312 -0.3495457796079659 0.6738063037313609 0.6510013924794171 0.6666574689776581 -0.30934911131033027 0.6781378520535569 0.6583202617378267 0.6710351647889915 -0.3410663287427394 
