1 304.26253747087594 284.6756744373608 312.7342638323477 -0.6395333534626616 -0.7684391517442596 -0.022323975348603906 0.21538315215156834 -0.20697727098047036 0.9543429714032221 0.7379750589132774 -0.6055259526758874 -0.29787771494004617 
2 307.203696981335 299.7905632793098 310.6462517090407 -0.1625345857322024 0.878441153800103 0.4493591522949155 -0.9352898599949653 -0.2822499467108392 0.2134662628433979 0.3143491470188185 -0.38558540803831487 0.8674724819130964 
3 284.57949564738715 290.2234452722944 320.36134980925317 -0.9666457047389884 -0.12515231350371744 -0.22345688607499106 0.02893796589529306 -0.9202615506200026 0.3902323315414949 0.2544772595724561 -0.3707500193865611 -0.8931885285231541 
4 317.85557105000373 303.9118739150472 294.89613898916963 -0.25065487818207677 0.32793037018456295 0.9108423597715158 -0.9672248529884198 -0.12429082681208521 -0.22142238850644314 0.04059822416140453 -0.9364899693434969 0.3483365061459346 
5 293.890661072279 292.0544954937656 294.05414956345857 -0.3572279243218767 0.6252213446345606 0.6938922685100588 0.7151931492756249 -0.2947220326973195 0.633748911377348 0.600738686380274 0.722659804926295 -0.34187108247114445 
6 288.5860441534169 319.6812989732955 300.24596019919613 0.09652981435813672 -0.8328698689762872 0.544986033115901 -0.4839651643214536 -0.5177334071890045 -0.7054997085780921 0.8697469256417591 -0.19565249917107155 -0.45305671268045683 
7 296.22093299536584 320.3920401080473 308.3862159536064 -0.910449736928075 -0.411645577027919 0.04036329323717934 -0.23315139082137032 0.5913623578160345 0.7719656667989329 0.34164558461314737 -0.6934251802982152 0.6343814419122996 
8 294.7672311877512 305.8301324602504 305.826597946591 -0.3246708160008463 -0.16049574675782904 0.9321104958694497 -0.5350100568222498 0.8438475512457262 -0.04105544246070912 -0.7799699355336696 -0.5120179933647248 -0.35983951163590144 
9 289.71653466728117 300.33451414599176 318.8651299767008 0.3757009623649747 -0.7587204226134416 -0.5321579720226995 0.17714813190371628 -0.5048412566356018 0.8448395379961865 0.9096523106336046 0.41167781809063914 0.055263440456369384 
10 299.7344418542131 304.4780559694806 293.1462739457716 -0.9752899419878678 -0.15806007211768883 0.15435848748757816 0.12173700527830382 0.19856088618806794 0.9724986766171353 0.18436276902664459 -0.9672593179072302 0.17441267533774016 
11 302.74742568553654 309.354933302609 281.4811399237013 0.9150914142503912 -0.04785041421390222 0.40039735441780433 -0.23808266740824724 0.7372858609473099 0.632239039230383 0.325460208082329 0.6738841867166364 -0.6632916069484557 
12 312.3097332104361 307.8280399544257 290.08230798576443 0.890033838607173 -0.3695328231455713 -0.266992993826139 -0.02831101249388877 -0.6293170068319193 0.7766328550117393 0.45501456317985206 0.6836706791505535 0.5705752796643658 
13 306.4140158614333 281.9878378395678 287.901134175692 0.016909929764859003 -0.11488198462470028 0.9932352107552559 -0.9402123758752109 -0.3397911895373629 -0.023294543650285715 0.3401686971583933 -0.9334581282100841 -0.1137593088590436 
14 284.45106032209344 287.4331689965948 316.53259344035644 0.29452087022080914 0.812329453215106 0.5033669798900442 0.5439698861217013 -0.5755755405322072 0.6105813296636253 0.7857189192052821 0.09398753417510226 -0.6114017692340833 
15 303.40703668996593 297.88815173976496 282.2726214250967 0.15863056081175553 0.3721028051444804 0.9145358645674628 -0.2303745572987639 -0.886748030318933 0.40075615288463284 0.9600853652285023 -0.27425796821442255 -0.05494231834342407 
16 286.3232375630489 321.18751244335215 306.92840888957176 0.03173552445193647 0.5541828345116916 0.8317897825895361 0.8791663969121749 -0.41135666916802455 0.24052471239241144 0.47545694129776317 0.7236484482561794 -0.5002735454810688 
17 321.0208936554268 291.9852967969891 317.79557089638223 0.9262511302410275 -0.03899456042647255 0.3748843394760116 -0.12010089786582313 0.9122504010055569 0.391631178785632 0.35725987468374165 0.4077727677547221 -0.8402896832751255 
18 321.6900614102465 312.7995548813273 304.698256996185 -0.4607106615752049 -0.3308958945571064 -0.8235615297451608 0.07639106344377655 -0.939244106490771 0.3346414706044102 0.884256801917218 -0.09126015224404094 -0.4579972629563723 
19 280.7120752489952 286.2987627441945 291.6966786363521 -0.7540084883693693 0.6044157052456037 -0.25720197261957034 -0.5938786291888248 -0.45996219256888476 0.6601082905099938 -0.28067663468792814 -0.6504740092115011 -0.7057649680173814 
20 313.98131157026916 307.19804228435373 302.64553871265093 -0.9053443012305114 -0.086444396506249 0.4157872803996144 0.24486235859795055 0.6936772487981911 0.6773878503793975 0.3469785606795983 -0.715079884217451 0.6068497652766055 
21 283.25309733210435 305.30840081163427 313.09055877307526 0.5541958858146933 -0.6083359945452866 -0.5681498375311433 0.06648512590932289 -0.6480242405150725 0.7587122720357731 0.829726851547477 0.4582487331629633 0.3186870728091276 
22 304.9177417620401 318.174275341168 309.8180750953735 0.5596517973937729 -0.8280142757495127 0.034383496461667905 -0.1973764614373181 -0.09288079324050728 0.9759178708874519 0.8048803626281376 0.5529606834143133 0.21541143064743176 
23 301.30505146324606 280.2876259313311 297.282839708631 -0.37341179125635676 0.3485948631803414 0.8596774136354857 -0.8529242765092824 -0.4934447564845782 -0.17038911596399772 0.3648065414597653 -0.7968650410591213 0.4815831118779077 
24 303.3830838005992 308.676207555624 303.38685494277604 0.9582029607689726 0.04458460261593047 -0.28259387676160663 0.2099973635985253 -0.7804332037986099 0.5889186036204886 0.19428894269938224 0.6236475187301049 0.7571760555686766 
25 304.31930970120607 284.03630737127804 307.1101319993856 0.454313743852543 -0.49283644502252427 0.742099225578525 -0.11260304880613822 0.7945806523773842 0.5966256282352387 0.883696540417721 0.3546178581587425 -0.3054940247020505 
26 309.0974323680775 293.1141685357298 319.2877677240956 -0.8290040904677756 0.08325793871428538 0.5530102473089847 0.4605960375263007 -0.45919169853687086 0.7596013916587396 -0.3171805608841169 -0.8844269894320681 -0.34232351973150416 
27 282.9234087359501 291.67263961645807 292.2549280154646 -0.25263576416925076 -0.5762192658112364 -0.7772686333376502 -0.19151530648489307 0.8172138119485417 -0.5435839152720865 -0.9484181873227734 -0.011530102709877284 0.3168122451656253 
28 308.12248942571125 319.4984011188776 291.1135149269018 0.03806757865887249 0.37367604826136086 0.9267777891225186 -0.07981399798289837 -0.9233499623751004 0.37557232686645975 0.9960826196561391 -0.08826696968670451 -0.005325117960191401 
29 305.27920740200227 298.514927080933 297.3087053793175 -0.6914476758687927 0.5546859121765638 -0.4628430083392187 0.7214593103323069 0.5633312208215975 -0.40268399419703865 -0.03737077829638637 0.6123573094856477 0.7896973790313736 
30 286.33138464295774 308.4520345136596 302.48555285864256 0.7482174606545208 -0.5103067818178824 0.42397832492048104 0.15384927178861124 0.755082697354636 0.6373229336260865 0.6453689124383173 0.4116273904714287 -0.6434763851703227 
31 285.1305951429961 279.4912893335382 285.007290575313 -0.6748129962930968 0.735985780523315 -0.054335539947805676 -0.5338667641804891 -0.43600669100469946 0.7244890913620347 -0.5095230104101182 -0.5179025934156124 -0.6871413286915533 
32 279.53262982307916 301.9105611030033 311.7987045984074 -0.6768443773668913 -0.34152192068031945 -0.6521077108282427 -0.49865579085800327 0.8643682115570704 0.06488449039185738 -0.5415016999701925 -0.369093988767704 0.7553446474192675 
33 312.1378160765036 291.38056654376936 312.4599267736898 -0.070457085639827 0.9893880247164459 0.1270713800618834 -0.9013741381807999 -0.11771250486634642 0.416735442717452 0.42727094694346157 -0.0851768909140306 0.9001024581414369 
34 298.1906805054151 282.42140018434594 293.2808864992191 -0.9712732470897334 0.07014503644286478 -0.22739382874254727 -0.13983616211563538 -0.941418448383573 0.3068829627200502 0.1925464288231167 -0.3298650919777584 -0.924183365919323 
35 310.908007002586 297.2157610415547 315.12724424558985 0.38788312264935065 -0.8725992340062562 0.2968455153366538 0.030717618513157484 0.3341193132186437 0.9420301016672354 0.9211965648419826 0.35627919016691945 -0.15640341293378154 
36 302.59138588473263 301.65436131807365 319.94033006887366 -0.8975651482482568 0.4219071847366193 -0.12794972496142767 0.40061586291423046 0.9016574043580167 0.1628522506686674 -0.18407535150468227 -0.09491181503892376 0.9783189726947161 
37 298.106838927721 288.60094977852884 304.2608847965794 0.5419063250178004 -0.7902147374019952 -0.28617862201498834 0.10517366505242337 -0.2740718244311582 0.9559409684872895 0.8338321384338353 0.5481289117038722 0.06541147505740653 
38 293.0718641216684 288.20607727167993 313.29453016104674 -0.26434884938256603 -0.14223263996152297 -0.9538813143990655 -0.10229438648149049 0.9876209531975126 -0.1189147228042519 -0.9589867279188429 -0.06614173368465939 0.27562606324638217 
39 305.9601431881609 316.91252985380345 304.4475139923701 0.7291692759465815 0.5309803360899977 -0.4317082923703122 0.6601328988124682 -0.3794805942931192 0.6482430365691474 -0.1803793860755333 0.7576637520963334 0.6272231786520006 
40 298.24544154696986 295.3583140538188 310.7251797245053 0.7295288977759715 0.6310509743824 0.26374657351480335 0.4757722334169614 -0.7452614522863457 0.46714681808344055 -0.4913536091443819 0.21531380695875577 0.8439262973232423 
41 288.84539117187717 306.0917658550325 292.951689210641 -0.0927797870822056 0.985802980408593 0.1399442564970634 0.4435606387441667 -0.08491211089515095 0.892212919195971 0.8914291171292574 0.14485308847541023 -0.4293852720963859 
42 318.44855394679576 286.50816029136905 294.82020927106544 -0.6974143720170443 0.6974995393143953 0.16464381664756794 -0.7158142745251589 -0.6667411092730858 -0.20752401690241942 -0.03497310523955618 -0.262584626095088 0.9642749587376029 
43 319.31724082750856 292.2660719845355 280.6484440305195 0.3035055442361129 -0.34650103915214536 -0.8875930455363114 0.04858890100155309 -0.9246935157729324 0.3775990209030669 0.9515899869783216 0.15773056696143944 0.26381350406796966 
44 319.57889676626473 303.37618470440646 302.2626043218886 -0.6474678719751789 -0.6912187856536997 0.320939161087204 0.2046776322509728 0.24793555518773677 0.9469081409143574 0.7340929243740664 -0.6787816665417344 0.019053281889396548 
45 294.0836333947821 313.8675483524081 303.0135001536217 0.11747019287501535 0.5374987104019928 0.835042448083989 0.9780206657783416 -0.20848042857933868 -0.003389426185191633 0.17226819525494735 0.8170869275759889 -0.5501750827582379 
46 295.8851508052334 319.19021160099345 303.60073149499453 0.6634003002811653 0.747417812633485 0.03559009616503302 -0.5725834013244708 0.47644916428910355 0.6671914585603707 -0.4817139089901384 0.4629933122696182 -0.7440355520262781 
47 320.15690982410325 316.66566370945026 281.51755596948055 0.3430375713728724 -0.48676909135546925 0.8033561329370505 -0.6933844344654395 0.44573680415084627 0.5661596307283245 -0.6336744043021183 -0.7512486626453058 -0.1846136403573558 
48 303.18845071306043 318.35806669739105 298.3199720152598 -0.7078096034607224 -0.41994232634151457 0.5680264146988695 0.6194410287348988 -0.7555006399446319 0.2133344673584229 -0.3395561472991267 -0.502859051415134 -0.7948801150118461 
49 288.5598030186651 315.70043656706866 313.3666253168447 0.5830253810801941 0.27242853845820825 -0.7654175961198039 0.3873796088923211 0.7349075563959391 0.5566398496034776 -0.714155755861931 0.6210423294636798 -0.32293649744740893 
50 320.21807633714826 284.1014818086386 281.1537288578231 -0.9703432575737522 -0.16969891714962 -0.17215179348297635 -0.2304883848344317 0.4348514120620451 0.8705052290963337 0.07286334426564349 -0.8843678685625636 0.46106876506279904 
51 291.800288245385 281.3676110044295 306.8606397700797 -0.5266192861062166 0.741979590816581 0.4148956667797793 -0.7823244267669219 -0.23202860532348127 -0.5780408442276784 -0.33262684615765614 -0.6289904714089856 0.7026594965500097 
52 300.52695040581716 318.3459536702768 305.6861853188929 0.9182051860577549 -0.06042655842136695 0.39146885870269776 0.025450573131232623 0.9952533939789112 0.09393055999380688 0.39528661073192833 0.07628442049860884 -0.9153847183371899 
53 283.0648439076222 296.0805582994086 317.52351943313613 0.2791518730728706 -0.10318250083730009 0.9546871756134929 0.48564951589435673 0.8728530408410715 -0.04766672640397598 -0.8283832322491222 0.476949620626165 0.2937690928485401 
54 311.05913541746685 279.71233115702694 316.8083938090484 -0.5519779076584619 0.738599657008819 0.3870283402070726 -0.324071547989746 -0.6176694107524989 0.7165627193792533 -0.7683085455990438 -0.2701019172222096 -0.5802990031633423 
55 318.2569053178688 308.7750110351537 291.81542272832013 0.9627323020851563 0.08003702664257956 -0.25834199985296713 0.24638574886295744 -0.6534807993178963 0.7157212499849946 0.11153733580759087 0.752699753745847 0.6488470570418627 
56 281.3424779296925 306.43819636684844 302.6891990040198 -0.39564673080364365 0.35873530299392176 -0.8454422788045606 -0.3336327532156283 0.8015250321582382 0.4962326156204315 -0.8556593074268214 -0.478400047250825 0.19743491181718745 
57 309.2666646439819 319.5115590803186 284.6605129042169 0.05371089174976184 0.08264531342080066 0.9951305905643856 -0.4423473413101891 -0.8914830139955444 0.09791253950964149 0.8952340307111055 -0.4454523408031405 -0.011324412998027623 
58 309.03428482730374 309.63788728012906 281.00706219115654 0.09337261130682036 0.7062742665875271 0.7017536717495649 -0.9922714098394659 0.008157172080158375 0.12381805102186502 0.08172517771742034 -0.7078913199777953 0.7015774186981439 
59 285.69560354097865 310.0736312184756 310.99260432188856 0.5329144801351372 -0.6918219926895296 0.4872211892902288 0.8241082710779648 0.5549699112526053 -0.11337528454281032 -0.1919575849066379 0.461942342760825 0.8658877280349061 
60 293.4273204291164 296.338836597793 306.68210945541136 -0.40283079475256933 -0.38429357339780773 0.8306899543416648 -0.9003278714288259 0.0030238704701966946 -0.4352017694539153 0.1647333443096709 -0.9232059930765849 -0.34720832308576366 
61 297.0012924443762 290.5889480758892 315.0657137772999 0.053036308334307954 0.9658697131659187 0.25354062236070574 -0.6408810991748384 -0.16178809172029704 0.7503972481945519 0.7658058283394813 -0.20228769257246434 0.6104270003161631 
62 321.26385400824444 294.72601616867655 310.27116993112634 0.39862271987646763 -0.4948603659261993 -0.7721483959924254 0.27609554204906367 0.8676263718370194 -0.4135163002271663 -0.8745691389815458 0.04834973762403659 -0.48248432514721623 
63 282.03864412269246 313.7003296080089 285.8625258084338 0.3278078808629033 -0.1636365972050858 -0.9304649683353549 0.9447363674944278 0.05271530208825909 0.323564974710145 -0.0038973295479771152 -0.9851112429471528 0.17187393589928132 
64 284.55315049799003 291.91669465140683 309.08266573213507 0.7123814580324915 -0.3143666434057566 -0.6274442379728252 0.6971959303081317 0.41917965270339785 0.5815550305183832 -0.08019035486440051 0.8517405897767565 -0.5177909565775214 
65 283.12488603835425 305.90086271347013 291.14038277389466 -0.9107740884980905 -0.33434675187741103 0.24228662618786329 -0.02158283121989342 0.6245324455496449 0.7807005865581974 0.41234056448160183 -0.7058126337526167 0.5760241183476509 
66 318.8055772716799 303.510266789564 308.44649673554034 0.16720692199898002 0.8848345215206254 0.43486746804169324 -0.8475948217092005 -0.09629457378890197 0.5218336643707095 0.5036118182165451 -0.4558456148568055 0.7338800392219742 
67 304.40962375502477 320.1254333026091 286.9842319686613 -0.9656681129839598 -0.24998905041112596 0.07064396818229925 0.012287910420122517 0.22767830408150097 0.9736588710159625 0.259488155458983 -0.9410993914168232 0.21678983521230774 
68 310.3457739457716 320.2454183757073 294.8698028650435 0.30697189081890236 -0.9086226357515202 -0.2831486606837973 -0.6423487793150381 -0.4173323016913325 0.6428233005091639 -0.7022508839151154 -0.01544848746482104 -0.7117619266829944 
69 283.30840501062545 296.65154539519165 311.81726694318564 -0.7933675825387373 -0.4351395348824042 -0.42570114418329313 0.09670562275442539 -0.7805234567202353 0.6176011302104084 0.6010123971303072 -0.44881702139270696 -0.6613224476787859 
70 310.61199813093685 289.26829975420543 284.9267077092454 -0.7448452428426163 0.15291955497535387 0.649477616181546 0.30017705602549577 0.9461149853355149 0.12149143821456969 0.5959020886442603 -0.28545059858006355 0.7506121878305011 
71 281.5555847351307 291.4017224825256 313.75138495020104 -0.621798708844071 0.33185830336974537 0.7093915929614619 -0.7753094619729837 -0.1327623213700226 -0.6174701646230412 -0.110732126571298 -0.9339401653794518 0.33984432264788594 
72 287.94767413011755 288.9918418849375 313.0567579307167 0.04412639327358586 -0.5158941451555664 0.8555151035550875 -0.9717229480983267 -0.2209999973641779 -0.08314753937507796 0.2319641643783834 -0.8276546575469992 -0.5110581124343866 
73 289.71246781626854 288.10486971605604 290.31091837570733 -0.4747585154474584 -0.6073578286304637 0.6369621809899028 -0.588149830594794 0.7573368991199402 0.28376151607064093 -0.6547397412571201 -0.2399110027336841 -0.7167695459391935 
74 282.9996490897919 302.5071375937733 307.77257120362555 -0.06179829517704187 0.9127122354196232 0.40390264424552313 -0.4162551509025684 -0.39137153079603354 0.8207069965763967 0.907145313640704 -0.117408262902075 0.40410726266924 
75 299.85428311186223 300.2215794479863 295.90832991525207 -0.11568569504783789 -0.621467561862137 0.7748515274002042 -0.6191172607412485 -0.5648997753612575 -0.5455108259687004 0.7767307367508713 -0.5428317541834963 -0.3194104713945941 
76 317.8186407046112 296.9336299767007 289.45559981565407 -0.8176261260962225 -0.5718220823442365 0.06713437322553392 0.476476779983242 -0.6065767677651926 0.6364232105637981 0.32319869439970894 -0.5523442141916944 -0.7684129573265167 
77 280.9190480451648 281.5985062216761 311.24546875080017 0.4338043544435584 -0.024506994206498316 0.9006737418736988 -0.8897432752810611 0.14591745248142057 0.4325101168220951 -0.1420235408583297 -0.9889931770726708 0.0414946929831675 
78 293.18048398494506 317.98726772409555 299.2260558158589 -0.6681096398505584 -0.49528707302080455 0.5552659042632112 0.2733723794174598 0.5306738203298258 0.8022797757566771 0.6920238805925658 -0.6878052134980015 0.21915048933227319 
79 302.54888090483155 285.3227356939858 286.2129267736898 -0.7849592664560072 -0.35442293778647127 -0.5081567978248979 -0.5896441026368904 0.6791176845108784 0.4371715942397442 -0.19015462716006168 -0.6427935529821303 0.7420631145759955 
80 297.6285492869395 308.7888387740994 301.25583131064866 0.7701953317100994 -0.4399209722402032 0.46181023071734173 -0.4055188414810025 0.22110804181167093 0.8869417698192559 0.4922942415018407 0.8703911603580554 0.00809986139913302 
81 296.88752130219933 293.0825432188852 300.41293874337504 -0.05579723902002471 0.7065894693024187 0.705420434910039 -0.9918497153990585 -0.12028205167692518 0.04202820609062835 0.11454610504311727 -0.6973259997413805 0.7075419704188121 
82 319.0061267122411 308.0582164144712 280.4546225132499 -0.424981907949263 -0.42309360052201606 0.8002388287962043 0.8005983836300659 0.23685640713729184 0.5504010088353212 -0.4224128383995096 0.8745803837242921 0.23806836488693717 
83 319.93824626827455 291.23147558696263 291.15721843715596 -0.3614111825528161 -0.5054763815764441 0.7835021281363314 0.8424230756636053 -0.5371747313285987 0.04203176907434814 0.3996314786340613 0.6752310239395355 0.619965922929898 
84 321.09046905804337 304.6593075248995 289.2758194945848 -0.27288495183859135 -0.3241854720917149 0.9057800962400981 0.42567433053421555 -0.8850221797540508 -0.18851287931501096 0.8627486119283508 0.3341250080853905 0.37950666869982874 
85 290.031569808229 291.6167862227002 280.10770102670455 -0.29952144577924195 0.19937298470626094 0.9330258927208986 0.5343944254114792 0.8451867707623176 -0.00905100091154347 -0.7903856663727182 0.4958928669558423 -0.35969537513689215 
86 322.4095688736975 306.01824533374304 296.8222282305349 -0.5597360557944234 0.007469266441068078 0.8286372897127755 0.10181857194642671 0.9930023967698152 0.05982656948374084 0.8223919541499005 -0.11785775353465247 0.5565797550048628 
87 289.51547512609784 285.79755068233624 309.33674004659866 0.3430025994931661 -0.7967522249568084 0.4975290029408397 -0.8862860518205862 -0.44998406956919695 -0.10959640268832321 0.3112013031612076 -0.40336116466547484 -0.8604960893289857 
88 289.2595736999771 293.34210121105065 298.48714085823303 0.3784330487150812 0.904821131948425 0.19515928576365513 0.45280694953620443 0.0029261505897534975 -0.8916037820099482 -0.8073130087468712 0.42578181833222667 -0.40860194454478216 
89 293.4739928437924 281.3394853803416 302.56919978492976 0.11495682988374727 0.6647853446958103 0.7381364187877142 0.9744297903604912 -0.21987655297863692 0.04626969967745518 0.1930583096400864 0.7139430978221631 -0.6730629555628549 
90 295.30175481987874 301.44450963975737 297.1827171953812 -0.4755874494534449 -0.2848195168952446 0.8322826567446462 0.8763381437670766 -0.07115262421221087 0.47641238632784355 -0.07647245060311506 0.9559367902028225 0.28343750181561883 
91 317.8979109122566 294.28568718795617 305.67440858232845 0.42325711288609397 0.07813890780684074 0.9026337726221427 -0.8284498587095056 0.4366956620029349 0.35066754967065134 -0.36677547354686674 -0.8962093560516834 0.24956871224153615 
92 293.6688977007963 295.3620903295184 316.38146548634046 0.44548198120108967 -0.6372452561268109 0.6288595136984307 0.8440163586557485 0.06462723709277654 -0.5324093411532567 0.29863387407767755 0.7679464849646939 0.5666356902664438 
93 284.78944822951075 279.45657773254476 294.8141366592416 -0.040933624389347174 -0.2018226567868416 0.9785663256018229 -0.08090743500022704 -0.9755014547406141 -0.20457492212055148 0.9958807284790864 -0.087547284403603 0.023601856654059523 
94 319.01513293391713 306.26621719538116 315.6389514939704 -0.1790768255822752 0.7856953510899028 0.5921269338706775 0.42216338926955777 -0.4822643605692116 0.7675930948655084 0.888656043303491 0.3874324480480255 -0.2453294415672481 
95 298.7801290421691 279.48793843613174 301.34877627569966 -0.5616302798621383 0.825649124716714 -0.05361857510695538 0.3787959579712285 0.3141999571901858 0.8705124979725132 -0.7355848360091699 -0.46859567833710025 0.48921676103456996 
96 303.3440149269017 300.0308633407584 302.72612686586274 -0.6611651427371104 -0.7317691510416354 0.16545260231625541 -0.09580242983526392 0.3010766249031262 0.9487754003844121 0.744098480355306 -0.6114464616961541 0.26916663242715977 
97 306.2712162608496 310.7485559694806 286.434055034949 -0.01602238229551239 -0.9592629939907941 0.28205990786603136 0.9747590152687368 -0.07781192506288653 -0.20926100083467664 0.22268395860029863 0.27158757828336844 0.9362969838167139 
98 321.32217008474794 281.06757851345463 286.53127984740246 -0.7175109286369594 0.6955637322549746 -0.03700218450386598 -0.6084390056427893 -0.6000054372246292 0.5194183782975873 -0.3390870739189873 -0.3952019353095482 -0.8537185640646727 
99 282.6321851652713 297.5496379010166 305.99184732570353 -0.6011715879886468 0.25717179282186337 0.7566078183391957 0.5435133989845023 -0.5624977695325463 0.6230485088620494 -0.5858207122657261 -0.7857855485103415 -0.1983813621104033 
100 289.69104243797534 285.8819956473872 282.5473146811072 -0.11386813353420544 -0.733027148082323 0.6706006623466253 -0.4670886675876163 -0.5562397959597699 -0.6873321365990819 0.876847891470728 -0.39149519737147304 -0.2790506865399365 
101 316.1632473564278 302.20372465883196 290.32291946386044 0.885400024439259 -0.41596690079305265 -0.20745682482767905 -0.31541076210734464 -0.8654703529509704 0.38920061576234266 0.34144230533110853 0.27916411948448444 0.8974879088448104 
102 288.122472322503 309.5021022992038 320.9387883990066 0.1929255954519644 -0.6465707992964237 0.7380554966374064 -0.9793669866957018 -0.1730121459403032 0.10443707544599451 0.060166601948976606 -0.7429757727236564 -0.666608566668325 
103 313.34589039096704 310.03041635302253 314.3069140230945 0.9196174848885205 0.39214701964192006 -0.02289970465467401 -0.3599575218042965 0.8646017944012182 0.3505628611457624 -0.15727130693114413 0.31414081572464325 -0.9362591969705961 
104 300.1535142996134 313.33944170059146 302.4526890570192 0.14414778419654903 -0.6186843668402964 0.7723024475803807 -0.9155778187800677 -0.3794742196933541 -0.13310362258801686 0.37541799912784923 -0.6879163981295566 -0.621154051033477 
105 287.4809326753207 295.4575441534168 320.06751725682983 0.4212031849374342 -0.784648538694468 -0.45487860767813365 0.061344193341531 -0.4757434280958039 0.8774423517057571 0.9048893672388015 0.397485674393791 0.15225101546418254 
106 293.2717873108535 283.25832042911657 283.37936645159647 0.24106732172791442 0.5158249205177764 0.8220773672640306 -0.43813968054523206 0.8136691419735227 -0.3820682500964888 -0.8659793107959637 -0.2680805453084961 0.4221524067211355 
107 313.99188183936315 291.65547760964756 292.4009354789156 0.27298332065454517 -0.20981857578403584 0.9388590266383856 -0.3784716161365297 0.8738054324381281 0.30532491221749186 -0.8844429560030543 -0.4386801015518875 0.15912393308049202 
108 316.6822599534015 288.1260063752977 283.7648751568222 -0.6569333337213557 0.6733407381087152 -0.3391914583962231 0.5247230082361888 0.7313740034665113 0.43561201966994884 -0.5413911337224814 -0.1081864938731863 0.8337813399627706 
109 317.43442475100505 284.7496539160714 304.8033453030187 -0.6906798670671039 -0.579137212744557 0.4330836062963283 0.23966263981709757 0.3817204822486359 0.8926652746174061 0.6822925621051918 -0.7203398935546567 0.12484909871360211 
110 318.5829631564124 312.9891086745014 319.52749906546836 0.33560147642214844 0.7138350686223731 0.6146634394757556 0.2965972800187272 -0.6993914418468833 0.6502935218475043 -0.8940926699782114 0.03593196176431638 0.4464383402162064 
111 286.01125714980674 284.6813333333333 304.5872773638528 0.6524665369213268 -0.42870147968391026 0.624901959922288 -0.58608734110152 -0.8082060138767834 0.057486239518262074 -0.4804050861496397 0.40375497575909286 0.7785838893474046 
112 308.8653984817062 311.07255068233616 318.3323095475843 0.2518529036218123 0.9437424613646671 0.21429018072376066 0.2546239389484111 0.1490073942574047 -0.9554912067470919 -0.9336684447123924 0.29520664469821567 -0.2027714779606931 
113 298.3959482295108 301.5509448114295 311.200990987531 0.39483302312716884 -0.7620489045059432 0.5132137478571207 -0.9168708411872855 -0.29108256476859495 0.2731644213074908 -0.058777074006619565 -0.5784050549822578 -0.8136294291274078 
114 298.2923807512098 317.41888044396654 297.1770398008039 -0.5175328334364352 -0.4972947055682978 0.6963172711695403 -0.09525687256315153 0.8422007793376655 0.5306825562542226 0.8503445740079387 -0.20831664143021997 0.4832372940476453 
115 306.5564074941753 289.6182140845431 313.3529354789156 0.9945867144084022 -0.03464467764086544 0.09796434980879423 -0.1032803900146453 -0.22597767610958075 0.9686419622019975 0.011420532418526603 0.973516222880376 0.22833251023015425 
116 295.5779763678726 304.0762580843384 301.2502709885553 0.7657070951973987 0.6278953983532114 0.13942744740983992 0.517434516504261 -0.7301096853809228 0.446319805120691 -0.3820394815910472 0.2696056676700992 0.8839449182306576 
117 316.92185059016316 298.843828046189 293.97856669739105 -0.8971974469310623 -0.05145543562649802 0.438621795360047 0.10774320116036522 0.9376753748155773 0.330388096135717 0.42828511977898637 -0.3436818726801782 0.8357359789831627 
118 281.08369371687536 287.74989474357994 303.26262360140305 0.1610762308494043 -0.6031924066393833 0.7811615507869918 -0.9868733843454974 -0.10776946021952653 0.12027745721645527 0.011634909789703008 -0.7902813828103126 -0.6126336302045503 
119 312.51194076606004 305.12643360985226 280.56595180121366 -0.538110823597115 0.3529040437121475 0.7654380951188995 -0.7312397453683678 0.2561874444033926 -0.6321838562662474 -0.4191958686834095 -0.8999037333302229 0.1202002263603882 
120 317.20517770182045 283.49949455923405 314.2688883682823 -0.18422706854242804 -0.8041653106441888 0.565135860101621 -0.080632608729711 0.5854045804890871 0.8067216741552427 0.9795707068025795 -0.10305159047255749 0.17268931662199363 
121 315.3167860690786 294.98855768492206 319.5284925365492 0.2931214331623589 -0.3557724581280451 0.8874152260685937 -0.9348518006134365 -0.30114010350889214 0.18806049279013645 0.20032956923694537 -0.8847262831498688 -0.42086514181285906 
122 294.2592828046188 313.7551913869473 295.62064101185445 0.16411015701283546 -0.4227340496565987 0.8912708789285976 0.7862160320236548 -0.48962824605602595 -0.37699937884972573 0.5957618713497883 0.7626008811462476 0.252007318784128 
123 306.32011940241193 314.15884919476673 300.9019892720896 -0.2536272772612949 0.2948584952685975 0.9212663415087737 -0.9666926341503329 -0.11106490285996452 -0.23058607597207026 0.03433009333681166 -0.9490643050503189 0.3132066244044671 
124 288.5434754333411 305.52827534116807 314.3040766443915 -0.9804629202897497 0.15505036775494518 0.12104480738946305 0.16603790973105945 0.9823060876799699 0.08663811308547723 0.10546977988522097 -0.10504348416692524 0.9888589343101655 
125 318.05841526486944 309.1822462682747 298.29323989297706 0.5380670667788772 0.6759222951724917 -0.5035999230904691 -0.32899979943271696 0.7184818077241863 0.6128156524947916 -0.7760431454637093 0.16405164692296 -0.6089696983599896 
126 307.40790049158926 294.935838927721 282.90145227488034 0.4958310382078694 0.38170583799640245 0.7800334831205454 -0.758536562035828 0.6276893809352623 0.1750095000734919 -0.4228165862458275 -0.6784590586767705 0.6007657114839821 
127 308.108388061039 312.52052922651507 290.4460828660675 -0.5847642897401657 0.664742142995602 0.46493936031518573 -0.7570358072081566 -0.24126247663997935 -0.6071978293523771 -0.2914575647489275 -0.7070433513520638 0.6443152856012861 
128 291.41972232890396 297.2901688429732 281.05367770182045 -0.7260667891585983 0.686061878294542 -0.04632620027466644 0.557200654714009 0.6264931157226395 0.5450080791496756 -0.4029323120167929 -0.3698992769702439 0.8371499727227448 
129 282.85391900299567 321.3187806283125 317.4406333947821 -0.04154043326395314 -0.9427586047812213 0.33087853589377486 -0.4250181547534336 -0.28303426651619273 -0.8597971691670234 0.9042311433113929 -0.17634573169940848 -0.3889321565224088 
130 295.53530208413343 281.19864940983695 297.2375001536216 0.7537650046036761 0.5991763952984392 -0.2698628636029576 -0.53816896182185 0.7985068062404425 0.2697425604521478 -0.3771107083687868 0.058090685181545046 -0.9243446250878135 
131 293.64514754077385 312.07285898814564 322.27464396907095 -0.3380704768460422 -0.8494654473439117 0.4051133254459761 -0.8539433060797131 0.09594255859781678 -0.5114448703930403 0.3955871366548165 -0.5188482236825211 -0.7578306790403356 
132 312.557190298794 300.7843345751082 309.59174082750854 -0.08182035637314018 0.4071587261208787 0.9096852208465276 0.6575924960375545 -0.6638162648576608 0.3562584394305943 0.7489175778669318 0.6273513674600918 -0.2134308396363591 
133 291.7869678162686 309.60946875080015 317.80044061243825 -0.5617406076023451 -0.8086939121037003 0.17453265109130922 0.7047508402072135 -0.3572539034645283 0.6129403736796786 -0.4333286777929404 0.46731553043502366 0.7706117388260153 
134 309.12764816806214 284.65455161686765 313.3244255319149 0.6944179059605678 -0.050234559934812885 -0.7178163141566898 0.04465438203121895 -0.9926290777013994 0.11266543510357936 0.7181850444326656 0.11029053943935803 0.6870562123024765 
135 300.0611582686843 315.1058398622527 311.7930174104515 0.13616679091185088 0.8226976347771603 -0.5519304365450725 -0.19280602204537892 0.5684737507118006 0.7997896177212445 0.971742992213376 -0.002489273733693092 0.23602830465957572 
136 310.56342288194185 296.4049152648694 280.6780223903527 0.20805936692303065 0.7130576029551127 0.6695223332372839 0.9421339539125302 -0.33005092594627206 0.05873669353266897 0.2628591119225874 0.6185590037740258 -0.740465965544233 
137 320.0706700847479 288.57577440663647 298.8764989118468 0.12098589657592458 -0.8949805286766481 0.4293859174674772 0.9926319572221936 0.10618142628049602 -0.05837210133511579 0.0066490849714127215 0.43328438467443886 0.9012327289143109 
138 287.23382042911646 291.2755073098293 304.08192583915826 0.7042017043519488 0.6868005603596301 0.1800137491346384 -0.6592814985062992 0.5384249303496378 0.5248299725675699 -0.26352962891314113 0.4882658954582905 -0.8319546562266573 
139 289.7327386512021 314.16922792329166 297.92773538674254 0.454861626068402 -0.8905621161458873 -0.0001357061835439413 -0.13858949381708857 -0.07093620172272172 0.9878061588635073 0.8797123696606366 0.4492963082097518 0.1556887089520472 
140 303.5989022070308 289.8605258084339 306.07528498092535 -0.006656374018050573 -0.4259771709213874 0.9047094243671516 0.9583092856029217 -0.26116395210335 -0.11591679450785854 0.2856553969596051 0.866219856604298 0.40995628329406064 
141 311.4724088895717 310.7629891184679 309.52989894257115 0.6402709283835005 -0.6054837892922245 0.47269706913758147 -0.6985677880056577 -0.2030451482552701 0.6861309738897363 -0.31946233553865006 -0.7695206616292544 -0.5529753769363203 
142 305.69073569398574 285.87852829198357 281.7497633714828 -0.40875586639625927 0.09993884435536585 0.9071553720700537 0.8384636503408812 -0.3514132254237924 0.4165182493652484 0.36041274775414095 0.9308710825813429 0.05984712917215704 
143 307.76241931023895 302.7515677855443 300.25185276646954 0.48481692814495586 -0.5682114262293781 0.6648972261082645 -0.4436494075380529 -0.8149226757817393 -0.372929263651788 -0.7537424954022575 0.11417884041760633 0.6471749709511863 
144 313.79969900401966 286.9140609493816 315.73998818393625 -0.8434680552662414 -0.5299393746300248 0.08789709302430304 0.05682584337817179 0.07468476752953714 0.9955867661954021 0.5341652022265623 -0.8447404599732378 0.03287996372349791 
145 321.4423429730907 295.8987213943724 285.01705892669696 0.12104567507094544 -0.9279454973447159 0.3525125508464724 0.17180060815109813 -0.33018036559793906 -0.9281516455905922 0.977666863295229 0.17291061312504108 0.1194546955259213 
146 301.20352689658705 316.0667828046189 317.3935354481911 0.03311949309566656 -0.6260431577353213 0.7790847603630005 0.3398824975991485 -0.7259988837611456 -0.5978340142575825 0.939884560466258 0.2845972337011691 0.18873639703774978 
147 313.5703977007964 293.7757308805081 301.80962795401604 0.38138489701355155 -0.7684821169662092 0.5137906151664278 -0.9239654637927389 -0.2995398066837833 0.23783129720478502 -0.028868357213858886 -0.5654300488256512 -0.8242908939426631 
148 300.25093734797866 280.93624128837354 288.97833084978373 0.7717047074130656 -0.16134662348333764 -0.6151740498810404 0.4202657802694518 0.8553675681125336 0.3028580481938018 -0.47733480754185986 0.492253583543864 -0.7278996434929748 
149 316.71969232147893 283.4618100084493 298.4095879995904 -0.30734485293316366 0.7163418392761276 0.6264132108105532 -0.7613691805192879 -0.579993240266123 0.28969779460843553 0.5708380789075634 -0.3878945869022955 0.7236585362731651 
150 306.3074774560259 308.3091001228973 312.8346503443685 0.4947825127809566 -0.07269024492699795 0.8659713582668978 -0.8610372098144686 0.09372442969010743 0.49983062590659527 -0.1174954823006977 -0.9929410151523187 -0.016215796841639315 
151 287.44111940241186 299.50572792329166 298.74287080420925 0.8792036630143568 -0.3739357564622703 0.2952506883668974 0.15925548424892977 0.8147000619721704 0.5575854192490874 0.4490418796490771 0.4432108516964937 -0.7758385987173444 
152 307.0676318329621 281.144573699977 299.0758067439896 0.6590351702786735 0.3025363067940351 -0.688581460255201 0.4376086151846656 0.5903606108413998 0.6782131295419813 -0.611695466921179 0.7482954845770453 -0.2566759114324631 
153 315.5358473257035 312.91281856005327 289.1848709578309 0.4538799048908258 0.2025137657613422 0.8677448971981657 0.6787818541646174 0.5523187584804473 -0.4839413016962503 -0.5772765597121876 0.808660722248693 0.11322371615118146 
154 285.95815173976507 297.0056309112324 289.6013325524234 -0.8346321518545671 -0.04687313940068479 0.5488096936947625 0.15523790376895152 0.9359640878338712 0.3160259791832485 0.5284792941298987 -0.3489615094649167 0.773909232783749 
155 308.22169340963205 284.64791604577925 306.57811613795224 -0.014160453738810268 0.8386722691178238 0.5444522996210703 0.7018061008633133 -0.37951523747252747 0.6028568497721529 0.7122272659347885 0.39063667203545116 -0.5832112071283638 
156 298.64713137209725 303.8075267429655 315.7213871265074 -0.24857573308528413 0.09770862743352704 0.9636716915247484 -0.9031922732032638 -0.3828121665937842 -0.19416117720516055 0.349934025992092 -0.9186445826503463 0.18340749226827394 
157 285.9685567503904 309.6369710807282 315.92101741045144 -0.44476803259302267 -0.7835097816587293 0.43392835725315576 0.7551924825214794 -0.06759378812825824 0.652008737786172 -0.4815243623394145 0.6176920768890934 0.6217642532520334 
158 281.8425351409479 310.5687042911642 294.3396515861434 0.907261384892801 -0.37000378537694445 -0.19993493513923177 0.2989197147881718 0.2329012010193033 0.9254210040164013 0.2958441880337575 0.8993632355008172 -0.32190369217539017 
159 302.30945055943874 312.04187204598406 307.024284673682 0.15196209857026993 0.9879900369255636 -0.02798584524260152 -0.9133589385121216 0.15119160093993295 0.3780430521054852 0.37773399375503713 -0.03188709364371252 0.9253649243519158 
160 296.04054850602967 296.37377829838454 296.36811380802425 0.3091559471512358 -0.9385067331198603 -0.15371308412008958 0.002814018701837581 -0.16072771220051452 0.9869947739626256 0.9510071932639458 0.3055678556711664 0.047048952600001505 
161 295.50994200783475 291.7656929359654 309.219306590368 0.8378932527499422 -0.4833557010615238 0.2535787121338152 -0.37023768458484557 -0.16192481890061086 0.9147154803201141 0.4010722552226391 0.8603183243865767 0.3146322088014815 
162 284.54548927208964 287.6917786056278 289.0053774867502 0.22254348447043526 -0.8074197749514742 0.5463951908070457 -0.40737190176414567 -0.5861905973685607 -0.7003061596257404 0.8857327651006374 -0.06673747503462837 -0.4593730273461661 
163 318.4703647361549 308.68889241365184 304.41661318073585 -0.13177576000242675 -0.3841625810094072 0.9138130336277621 -0.14202631268860288 0.9196579729889706 0.3661389616278184 -0.9810523307040568 -0.08153725571793219 -0.17574982318661556 
164 305.5933342678649 280.3251180070155 281.8402333640577 -0.11942597974438143 0.9928210157906329 -0.006623138723481902 0.8062567878036068 0.10087281152018994 0.5829019368784272 0.5793853877020935 0.06427368435423177 -0.8125155174006385 
165 286.3230603220934 285.3320525513992 293.70577223033007 0.2788558995420034 -0.9134708515692833 -0.2963281806104655 0.9597264709833724 0.27604554192188985 0.052191567123934385 0.03412459793790751 -0.29894792542905724 0.9536590846299526 
166 298.3435450879484 303.84438728012907 288.37662422869147 0.4946066829921226 0.8689223387414788 -0.01839017062369956 0.7231122195307463 -0.4231631540884211 -0.5459319215683002 -0.48215448468810623 0.2567234197691603 -0.8376276849753559 
167 297.8929869421615 293.2118185600533 290.09163526384526 -0.8424271264413014 -0.3149528325085697 0.43717416429917305 0.5123646918793933 -0.7193293294178386 0.4690924624790054 -0.16673019867794578 -0.6191688211902393 -0.7673532509312136 
168 292.2896537624498 299.4191352638452 310.94046098010614 0.5619854084609865 -0.07967505332904065 0.8233008481435887 -0.6242608902814308 0.6121461017003341 0.4853611964693096 -0.5426515839302163 -0.7867204306804915 0.29427915727745524 
