1 304.36498305041357 285.5507806283125 313.4311772409555 0.20289972794215136 -0.5777523975110086 0.7905908344847432 -0.48851540180666064 -0.7594566169830345 -0.42962582454778164 0.8486367907407016 -0.29904483625531014 -0.43633448558457655 
2 311.73361520342064 302.4942129963899 312.9125590803185 0.9774253963519408 -0.0609077172324354 -0.20231125660176452 0.011132811352120494 -0.9413693424179908 0.33719404156496824 0.21098733392706093 0.33183431277831005 0.9194402285006338 
3 286.18869543231693 290.63141698031086 320.7269048442021 -0.6040891108256479 0.5184414366844471 0.6052229530598162 0.7934980673627968 0.4615806516930007 0.3966158331107962 -0.07373712276315207 0.7198345495398438 -0.6902181235054481 
4 319.7460732263102 303.45704415341675 294.9350365363443 0.6335732132310975 0.700253550622607 -0.3289832036996028 0.5756077978620482 -0.14250265562321135 0.8052134227524627 -0.5169725781087693 0.6995269530052173 0.4933572696361216 
5 295.19471190823674 289.6284034488057 292.55782369357615 -0.757487150264476 0.30749292764857095 0.5759004398594549 0.5537927639422746 -0.16450343943316703 0.8162427292293846 -0.3457264696105568 -0.9372228752334044 0.04567811675026949 
6 285.0627291650665 319.0280582994086 295.9005576849221 0.4761986486307614 0.100007738890769 0.8736322448285618 -0.6894225792437083 0.6591635302793607 0.3003330610815318 -0.5458308843141707 -0.7453199933663431 0.3828403756361187 
7 293.86142692731136 319.1929560002049 307.94736038354193 -0.6497519654280384 -0.3689670199392379 0.6645944038430954 0.35427724788393733 -0.920524539326125 -0.16468820276573773 -0.6725399728300088 -0.12844419292274845 -0.7288292490359006 
8 295.4513998771028 307.27921952530926 303.40903777811917 0.4245826421330293 0.8337700299965101 0.35292650379215584 -0.4137832546582196 -0.16802095263576303 0.8947359262038278 -0.8053030474074878 0.5259244209532293 -0.27366129664463656 
9 291.51556374017457 302.4131301303224 317.8166994776864 0.36199916156669965 -0.06584732711690833 0.9298498462314038 -0.4851187119531476 0.8384735347252276 0.24823772251271917 -0.7960002778504057 -0.5409494071324424 0.2715829460498872 
10 299.3796215787184 304.4185332718847 292.079798358809 0.364453976378029 -0.892169803125893 0.2668451638920002 -0.9302970027297948 -0.3615885454806712 0.06165395761127498 0.04148235545627619 -0.2707152861725399 -0.9617652769872277 
11 301.1965183449831 308.5682246588321 281.58468625342454 0.9422166945589517 -0.32871947977254196 0.06458485977744463 0.27602053412268046 0.871009902861591 0.4063919461058156 0.18984300154873615 0.3650825286631927 -0.9114133979857085 
12 311.06625979977986 308.2993386204779 290.7626826817217 0.0420262280710543 -0.9500306039779635 0.3093148034921473 -0.3481360761245694 -0.3041106519474387 -0.8867457267293098 0.936501504886515 -0.07041706382243974 -0.34352055028472317 
13 309.10777954015936 321.57508597690565 288.9346797245053 -0.3692197758224071 -0.017646232855594662 0.9291745625056992 -0.5746065164242554 -0.7814706458699573 -0.24316862652565596 0.7304136556941105 -0.6236924242842764 0.278394776290733 
14 283.8473258698825 287.2115794479863 315.8645387126508 -0.5020127690746568 -0.8264679983907874 -0.2548211673348987 0.743777336575565 -0.5629182585566047 0.36044182301747163 -0.44133711976509865 -0.008583811480108826 0.8973003203487231 
15 306.0965687200758 299.0887677240956 320.8280191258929 0.02350301572427206 0.96834234649185 0.2485170180139029 0.7863164802807856 -0.17141905880590638 0.593567097400904 0.6173767092227415 0.18146241007094474 -0.7654524104348635 
16 285.21910354097867 317.8751030801138 305.65510945541143 -0.47588492328455995 0.7528534186566778 -0.45469250027617747 -0.5107525367992855 -0.6574387643661994 -0.553991080489334 -0.7160065543998494 -0.03140065485932967 0.6973869893616174 
17 279.87464288091775 291.17596346365576 318.4316665130451 0.6652148869296303 0.7037511511435415 -0.2494463298413901 -0.6331797488327047 0.7087571913772348 0.3110412341462253 -0.39569250672125683 0.0489648949268226 -0.9170768120443638 
18 320.6753123383773 312.53486442891165 303.23383659779296 -0.21076626152403824 -0.43333217774755517 -0.8762424360482333 -0.09595459961254263 -0.8828782376353658 0.4596941726007275 0.9728156545905173 -0.1809675143179685 -0.14450072991233973 
19 279.94025808433827 285.37860308011363 288.8352302532196 -0.6434339487629609 -0.6053056159625364 0.4686127024137501 0.7306753224619824 -0.30309221478440246 0.6117586799401901 -0.2282681027309375 0.7360300405698806 0.6373016967295146 
20 314.3322249660753 306.6845987275009 299.5634485367541 -0.344566205575237 0.7977728415370945 0.4948056419255076 -0.5275857810383074 -0.6005331942627038 0.6008436787009019 0.7764839815615522 -0.054021994543593355 0.6278170517625746 
21 282.82911535704227 304.83623336405765 313.41723771667057 0.7078187886612588 0.6016599938656639 -0.3701321577486578 0.5966977771927022 -0.22880893411189757 0.769154233144345 -0.3780797867003694 0.7652788533940726 0.5209644435433735 
22 302.641679417262 318.1389196174821 310.52500139539654 0.17226716401419054 -0.7713305785823265 0.6126770460416823 -0.9835641461845073 -0.16884046902718142 0.0639880173081071 0.05408876540326708 -0.6136302099493918 -0.7877387707194661 
23 301.27549564738723 284.3446952658935 300.2488496556316 -0.9998044615726069 -0.018798079371945997 0.006137656835906584 0.013781200777513975 -0.439771901270896 0.8980037602135702 0.014181576944726344 -0.897912750251664 -0.4399449690709665 
24 303.93184514939713 306.6312105128402 301.1339074941752 -0.7324303276099609 0.6788527853344947 -0.05200683648102494 0.40732024921607507 0.498111562745681 0.7654900950617258 -0.5455602897716418 -0.5394847235118494 0.6413425007916016 
25 302.5980418234888 285.8001831425865 306.2137515554191 -0.2147885164454436 -0.6122310800435651 0.7609461201897642 -0.6567735211873259 -0.4861115913317275 -0.5764928990370453 0.7228515996180466 -0.6235933173163652 -0.2976859746914562 
26 306.70202145582095 294.69135494277594 317.17603031466825 0.3439076695505199 0.9091354300628569 0.2349474082188494 0.8358256911702373 -0.41040894236114583 0.36463668769036484 0.4279286491976658 0.07097372636696112 -0.9010215321297537 
27 284.9944312799243 291.5317796937809 293.30447077348504 0.454561645702656 -0.856124797670914 0.2458130205441315 -0.8715289954916224 -0.370526589031834 0.32116546644649996 -0.18387745993856533 -0.3602226778443707 -0.9145647610165022 
28 308.7744398315283 316.15031390019715 289.3558067439896 0.6955882300642056 -0.4070703866602485 -0.5919887790325267 0.6350478686759555 0.7336960098914619 0.24166995998566793 -0.3359631210211501 0.5440439921308055 -0.7688594903752598 
29 308.65705550861566 297.4233613180738 297.6760279847403 -0.5054786435823639 -0.6880620161545337 0.5206361520366133 -0.8597367788177536 0.45276140948213456 -0.23634673095226857 -0.07310274981290073 -0.567078273264907 -0.8204134445270165 
30 287.09609779296926 309.21217863635206 300.6526871879561 -0.5417397464246496 0.7674754857215441 -0.34278189269597675 -0.5911113897905753 -0.6377871924888356 -0.49377608483710844 -0.5975829415266183 -0.06487585000364833 0.7991781729268501 
31 286.8296323066288 281.1155646747062 284.7476559387562 -0.30365379173817647 -0.9524900947886504 0.023600722288437032 0.025533093577288158 0.01662646567490466 0.9995357030999616 0.9524402531893544 -0.30411540567466994 -0.019271329376289236 
32 280.2831688429731 300.06946688173696 312.34963744015164 0.48693246234440923 0.521379795837783 0.7007566522034323 -0.46247549268521826 -0.5266988345235561 0.7132354144159503 -0.7409542467526414 0.6713802545530202 0.015341382452288518 
33 310.7110956166629 291.28394714135754 313.9488600762988 -0.5424743312687583 0.8400020555196033 -0.01086952792696612 -0.3306241680342085 -0.20158714773607697 0.92198171423262 -0.7722753779748532 -0.503745142498142 -0.3870808339136983 
34 300.51164629899887 281.8069538238984 295.3623944363366 0.19043667238791168 -0.8855149553306972 0.42378902498235205 -0.032248108519760725 0.4258133984733464 0.9042361467987644 0.981169676104351 0.18586611731633834 -0.052534304288076566 
35 310.9751646439819 297.3376915405689 315.32617319558597 0.4916876466767742 0.7669220771713715 0.41240003110160467 0.8025131293081889 -0.2152903637075304 -0.5564375405943218 -0.33795848175986576 0.6045499043435772 -0.721320648369876 
36 302.90610090380727 303.8031301303224 319.58068159356844 -0.9922172292992117 0.01649108647602002 0.12342209667898237 0.1090574699082807 0.5934587365488159 0.7974416569700177 0.060095242232640726 -0.8046954530011488 0.5906384594489898 
37 298.0627922907546 287.6233762449753 303.30099610825204 0.5160061851443001 -0.47838043625697924 0.710555961975838 0.5559884922121268 0.8180851799245554 0.1470150839726788 -0.6516244420066751 0.31920024529187263 0.6881110302742557 
38 292.93813977007966 286.5035453951917 311.81906996185063 0.2379280409381704 -0.5206852957975859 0.819925039302682 0.10148611190177771 0.8528735563349259 0.5121594146314952 0.965966260501051 0.038646081881570336 -0.2557648606216632 
39 303.09283629054977 316.4568515246947 304.76403420641634 -0.7398181157481999 -0.6719657775748862 0.03363256426384413 -0.16977800235005677 0.23482510140258206 0.9570959208299297 0.6510334749679212 -0.7023668311640618 0.2878128714143051 
40 297.7589612873493 295.06902891927183 308.6551882761093 0.8203230470684608 0.5712658498736075 -0.026933756078584222 -0.5517900447694497 0.8029779957229695 0.2252866726596388 -0.15032579599537843 0.16994607130765851 -0.9739201650574077 
41 291.71580876667446 307.05483084978374 291.8754594182862 -0.4725589477532871 -0.08359516719059862 0.8773254179155427 0.4861037241531603 0.8056394209976199 0.3385975379400267 -0.7351130595103945 0.5864784491837658 -0.3400761949626467 
42 320.22874518012134 288.0379611337276 293.0170612566249 0.133624001019982 -0.9909753346134346 -0.010607192805045348 0.519655800841389 0.07917655834631794 -0.8506990779707752 0.8438616444674482 0.10816172519067971 0.5255459696358351 
43 318.96696781626855 291.420575248995 281.44975793071666 0.4465235601074358 0.03433766053960679 0.8941127643298958 -0.6765441388699587 0.6669212887451015 0.3122563414556685 -0.5855806848160949 -0.7443365634491159 0.3210270111424791 
44 319.8539563074481 304.07860820083465 301.1042879381417 -0.6601929129370535 0.3025583840592382 -0.6874618112616516 -0.4694724150208019 0.5482262283611546 0.6921297956824565 -0.5862942684712383 -0.7796835427097106 0.21989225540116317 
45 293.9614956473872 314.737607279105 301.1817151726964 0.7499174416282676 -0.6498564929357045 -0.12373507720537653 -0.3508950426317511 -0.5493196196931435 0.7583670776587297 0.5607998749983604 0.5252946735019165 0.6399757856296895 
46 295.67947993957546 320.00295258212356 301.7393830811379 0.5408402926700618 -0.5512576122543964 -0.6353005767006226 0.46120789363478104 0.8259875586667806 -0.3240861486960835 -0.7034053288634713 0.11772679329395301 -0.7009717151691606 
47 280.7487593261132 316.432549594183 283.4432988196739 -0.12648738707240656 -0.830303668943118 0.542767683499296 -0.5373196952370298 -0.40259137884701507 -0.7410855057201189 0.8338396044935628 -0.3853777354981217 -0.3952157827824677 
48 304.4103762449754 279.5343485674784 297.006876398597 -0.2513699078424118 0.8124882483748864 0.5260000149087511 -0.3186282219071348 0.443693830067502 -0.8376227321200925 -0.9139415876496677 -0.3781515984532384 0.14735040872581792 
49 290.563367846993 316.0460276774971 314.2017147118316 -0.6268640532681446 -0.7767495284363167 0.060841012435629394 0.2480080206696638 -0.12490389948557133 0.9606721800785187 0.7386023831560175 -0.6172999157356639 -0.27093787780410783 
50 319.85929679698916 281.4638998771028 321.11779555521434 -0.8679723923338898 0.462976567539328 0.17965696216870158 0.4958674668410936 0.7881620634604316 0.3645764899858346 -0.027191569921261226 -0.40552837093265764 0.9136779295210771 
51 290.6369850730983 280.7070741608419 306.1089202447705 0.004451802688023342 0.7721158754209898 0.6354661724873365 0.9865207661337513 -0.10733982907624934 0.12351088648681197 0.163575546582316 0.6263507292378273 -0.7621862007039608 
52 299.0741550042247 319.45680737127793 306.64141324218457 -0.20679869257132613 0.346732208211604 0.9148830944658969 -0.548376254844575 -0.8154867122044871 0.1851078208519398 0.8102578502386923 -0.4634201096269156 0.358781295666246 
53 284.1187395857337 296.00109250582494 320.1431657321352 0.9167910393982622 -0.016065570599241297 0.39904396690136135 -0.14295506966766658 0.9197819927822342 0.365465366088026 0.3729048647247269 0.39210073092875364 -0.8409512344183641 
54 311.10295258212363 280.15058068976117 313.9375708963822 -0.3023510052524413 0.024539131328065948 0.9528807378977192 -0.49005782481728083 -0.8614355428403803 -0.13331216698656811 0.8175739709397514 -0.5072737294252122 0.27248149565950935 
55 317.00586147169525 309.50069045241577 290.6694872494049 0.4589523791206058 -0.8727643878656515 0.16626796736903482 0.8818918931055368 0.4702255519649151 0.033979687373829434 -0.10783970778087576 0.13103531414389433 0.9854949740475322 
56 280.6001518933866 308.00485587730753 302.0029880303147 -0.7751217061060847 -0.5766799659917456 -0.25812120708487274 0.3418360415159556 -0.7263596253974713 0.5962799806409292 0.5313515422428798 -0.37395442425008746 -0.7601471088808394 
57 309.91052674296543 318.1606139616458 284.35265609237786 0.35789407300269 -0.3543963133701926 0.86389529781054 -0.49463714504971174 -0.8566613691945563 -0.14651072748020436 0.7919885903512857 -0.37487938273439836 -0.48189160726667574 
58 310.3461839234965 310.5450461761016 280.3321257777095 0.6618178266479388 0.6101137153230924 0.43561269346249687 -0.6518233234607479 0.18129574480875982 0.7363818356714282 -0.37030192994850036 0.7712931396614973 -0.5176711054207354 
59 286.15142631282487 308.966703983921 310.9599514939704 0.45168848753370927 -0.8167608272541456 0.3589975783938299 -0.17615479704779383 0.3128184845727129 0.9333349255153167 0.8746124843075078 0.4848157864310153 0.002579829592306502 
60 292.7935645210846 294.91230954758424 304.84092039839214 -0.23606465441828992 0.19526171988147156 0.9519171916103327 0.9440817738789531 -0.18595877965942897 0.2722662970276437 0.2301805447120657 0.9629601201589325 -0.1404447358200049 
61 298.53347201525986 292.2185261156772 313.5287108200836 -0.7817947287035413 -0.4535925764789279 -0.42784433703692315 0.07762200637529275 -0.751618815499529 0.655014488628579 0.618685563349938 -0.4788767385771556 -0.6228203938151644 
62 280.9436680620631 294.59824968635587 311.60167428373916 0.564365993246262 -0.801147084110639 0.1991340636058558 -0.11485455015097364 0.1626740628628884 0.9799722351073517 0.8174958458468014 0.5759344571153062 0.00020767888727276943 
63 284.2664825895486 314.183473103413 287.92654602248007 0.5666622246034079 -0.7439697083836053 0.3541228546918857 -0.7372808105944627 -0.26596158187843927 0.6210325621848585 -0.3678463395722298 -0.6130036785960847 -0.6992249713010683 
64 284.3915438461737 292.1514023606524 309.3671735028293 -0.5513836785555756 -0.8208898590828613 -0.1487140823104589 0.10078488705198907 -0.24249987008602142 0.964902181337663 0.8281415613072679 -0.5170431822035598 -0.21644376214706915 
65 285.22321937168766 307.6083625598485 290.23000574800943 -0.20966788966252367 0.9563088402679207 -0.2037468479998849 0.9777572775906863 0.20623096567685636 -0.03820333643074952 0.00548472086017734 -0.2072249763455537 -0.9782779395527994 
66 320.4776626212971 303.85804835240805 309.0463964590214 -0.18158859510380557 0.9816009555971758 -0.05903512597545108 0.5924632797043711 0.15712067993149328 0.7901267962421002 0.7848648573672848 0.1085018705302976 -0.6100938450445621 
67 305.2153101620709 320.5566955859385 284.13736442891167 -0.7270335937261544 0.004760860491164419 0.6865853827463974 0.612741899686214 -0.446682523917377 0.6519371804060048 -0.3097894736148554 -0.8946798628750874 -0.3218360219168225 
68 309.41609825383426 321.7934454259161 296.3556492562154 -0.4562454999157577 0.2673817957603648 0.848732595758277 -0.5625536915820311 0.652343281430862 -0.5079188786208328 -0.6894732684405168 -0.7091933576028314 -0.14721207028628336 
69 284.1235115088205 296.5377052256959 314.66409592390613 0.9213639049997765 -0.3863557884211919 0.0426351887177968 -0.10486562835674107 -0.1414509045987409 0.9843753560393229 0.37428833077309365 0.911438887880936 0.17084320034889933 
70 309.63174937911265 289.2262733184833 285.02563059118734 -0.27708660304042 -0.897920454699262 0.3419968880679932 -0.8382253343933356 0.05190737727985736 -0.5428479648714798 0.4696821299524855 -0.43708635441591753 -0.7670425122421177 
71 321.27070537931746 290.02484747932516 313.78066013774753 0.29241089478785115 0.7441839515988184 0.6005714901592778 -0.6232261131245557 -0.32803447785795664 0.7099173143797214 0.7253172275142962 -0.5818793925885511 0.3678740164128931 
72 289.2593227590445 286.57458147067115 315.6256686893515 0.4526898561345318 0.41061596203511963 0.791496320822068 -0.4128414687180485 -0.690264349300549 0.5942196982526028 -0.7903377859242343 0.5957597332873903 0.14295637213400825 
73 292.08307540261677 287.3972751875465 289.57858395422085 -0.6282849665705778 0.3477779428269697 -0.6959227710489497 -0.5914453933988322 0.3676134409463072 0.7176717248595743 -0.5054209605949392 -0.862502672760298 0.025274336245112067 
74 281.6999679698901 303.52635385462276 306.1567238779221 -0.07805308269355794 0.5625482793803301 0.8230717767292612 0.7916826580096629 -0.46680276357590145 0.3941240273374056 0.6059259734396499 0.6823742472310421 -0.40892432237161086 
75 299.7153041068183 297.5763622526052 295.6336338556469 0.37340959270099794 -0.5599614340330346 0.7396002085414406 -0.5937868236712873 -0.7568191506835548 -0.27320684689990127 0.7127288994514257 -0.3371468011924277 -0.615101252097956 
76 318.54459996927574 297.380373287759 288.71411909516866 0.9660803024005181 -0.030785909454173498 0.2564002283399979 -0.08769115961861261 0.894765004121688 0.4378422637478694 0.24289732365439157 0.4454748199148807 -0.861715193659331 
77 280.2517276160484 322.1432702076453 311.9307938397727 -0.9868228224110156 -0.12096430255902209 0.1074632712845019 0.1133244451710223 -0.04264521035111475 0.9926424110226145 0.11549150313090996 -0.9917404012847912 -0.05579147931399935 
78 291.2217633714828 320.5245884604553 298.9753025449984 -0.7976939259919457 0.5205639826655774 -0.3044627077113204 0.6028084842172298 0.7029321848254484 -0.3775026819669596 -0.01750233673773306 0.4846642997868472 0.8745251195482289 
79 306.45528358552895 282.2540785134548 286.7108906982104 -0.5190856424034888 -0.8207115483134606 0.23871039004509123 0.5835347564171018 -0.13621997557628457 0.8005818548451056 -0.6245296501398412 0.5548663557280422 0.5496235469640008 
80 297.31052580843385 308.4248656706864 298.7518002150703 -0.5226972121836725 0.7833295834882429 -0.33642590270006356 0.35617994433188066 0.5591916525429569 0.7486257696486379 -0.7745472688165377 -0.2714764434686877 0.5712942053009417 
81 296.05404321888517 292.9037527971939 300.35651912589293 0.27306875181457574 0.6650878952962339 0.6950478748351478 0.5998537399870632 -0.6825631432741575 0.41747220993406847 0.752069775623219 0.3029284519059552 -0.5853421269820775 
82 317.6321839234965 308.66148507309833 281.16217288834264 -0.47591801369128145 0.4781703053591962 0.7381430778086578 -0.804817237786259 0.10164771088841071 -0.58475375726304 -0.35464243683778124 -0.8723651196281514 0.33646372768832217 
83 280.5320130578385 290.7012997542054 289.83699253654913 -0.5371394550546605 0.8404033983550456 0.07213413794364534 -0.7136624391792741 -0.40721162574718617 -0.5699689594714981 -0.449629990912833 -0.35763224112154884 0.8184937699103787 
84 320.13393221445597 305.4237042911643 287.7897150190747 -0.26232280607518726 -0.2083978028388439 0.9422086293304589 0.793302442367288 -0.6024918107727164 0.0876062377111867 0.5494160357569987 0.770437520973476 0.323369828415251 
85 293.3453107893592 292.30566137952223 279.544706313849 -0.5531837736391862 0.5311496542991255 0.6417692399299213 0.8028200992168737 0.545579131127695 0.2404647582731377 -0.22241313107754818 0.6482464472836467 -0.7282231407394384 
86 280.7119298845277 307.4020884604552 292.2332206134625 -0.20624129093132001 -0.9583946611387268 -0.19734285752407532 -0.6381446751208837 0.28462755925163474 -0.7153729979034147 0.7417788777862597 -0.021606156882880933 -0.6702964049246495 
87 288.7850970120594 283.7519636172774 310.2658244744861 0.4892362652737185 0.7178121223729381 0.4953722173431627 -0.6493790289699268 0.6789653660620636 -0.3425097201865707 -0.58219820806586 -0.15411615315295865 0.7983066189517882 
88 286.80789567811155 291.7177310341297 297.8416787899737 0.3260895226642822 -0.22957224715045987 0.9170399154599916 0.702502222797031 -0.5902768657468918 -0.39757244463022884 0.6325790465813819 0.7738667876981886 -0.03120808747546503 
89 292.66833472872986 282.9668320915586 302.3264110658781 0.4118012234112 0.9060054311146407 -0.097846365225351 0.5394317230884205 -0.3288977288910822 -0.775138503788933 -0.7344611416017153 0.2664215507819596 -0.6241685579681509 
90 294.91936007629874 300.05783675141464 295.1926032337353 -0.8834095579167914 -0.25637260876824797 -0.39225073416709116 -0.3470999594006304 -0.20436015025840773 0.915291509394926 0.31481609102036157 -0.9447274815838291 -0.09154678790069655 
91 317.4418882146607 293.7899765214943 304.8351276467727 -0.43845107569783714 -0.8843892891520531 -0.16005074024363555 0.7357915773217379 -0.455476105013881 0.5011509478228818 -0.5161118182737159 0.10196618554455707 0.8504301782296367 
92 294.42794387689787 296.01923118775125 314.5146462989989 -0.4176207690087876 -0.8915985005435928 -0.175057153869603 0.8214459205207238 -0.4528257562633541 0.34666328638086563 -0.38835485442100703 0.0009738033413363826 0.9215093915716165 
93 284.90006265202146 280.38232416724276 293.9845637401747 0.3535526774784989 0.4356093902921602 0.8277952423981894 0.9344977441926743 -0.12531076464668053 -0.33318340049058165 -0.041406163147369876 0.8913706700093721 -0.4513799489348817 
94 320.3313100084492 304.398994559234 315.0830323373531 0.040300477147632574 0.9683680304252256 0.24625033846076796 0.2285192356900025 -0.24885119986497733 0.9411971309164825 0.9727049041005861 0.018342245667542036 -0.23131954427272494 
95 301.94664754077377 320.61616262129706 301.2356001228973 0.25044959413620044 -0.5862447972405542 0.7704492446004436 0.29306709978166934 -0.7125643605005237 -0.637466632201279 0.9227061698192843 0.38544658495421064 -0.006652392393895502 
96 303.92074285019334 300.67833675141463 299.5371237550247 0.14610849906892867 0.6895852690072053 0.7093126696091683 -0.8422337795121436 -0.28940740831015616 0.45484680131214345 0.5189359952330481 -0.6638640740267989 0.5385071253642115 
97 306.1366119389611 308.6044934710808 287.2604507130605 -0.8790384728427765 0.17420372210421603 -0.44378421160207654 -0.36942169931887764 0.33951767775844444 0.8650175458115666 -0.30136186111482827 -0.9243272200333335 0.23409446591249608 
98 320.4063226054229 283.5756181606371 285.2630590803185 0.5849042789912499 -0.47020059651142854 0.6609072427035604 0.8035387669216979 0.4469276675015963 -0.39316804304971165 -0.1105098840452083 0.7610302615940304 0.6392343126479024 
99 282.94257307268873 297.68253871265085 307.5945087052258 -0.0975713938438186 0.913652413837804 0.3946125818973956 0.28832550329694945 -0.3535502340321815 0.8898711345831768 0.9525482807983724 0.20060283822553607 -0.2289329029299293 
100 288.96363650562006 284.52972248252564 322.6712119082367 0.10193992888056906 -0.994746113074375 0.009403266626395583 0.9853466731152422 0.09966828101024472 -0.13841303241092248 0.13674861856906886 0.023375292166847347 0.9903299505899869 
101 315.1370150805235 303.48658084338285 290.5636063445734 -0.5220495533651344 0.8261902753601738 0.21183458813787684 -0.4041473219465689 -0.4583311776169173 0.791579101409143 -0.7510853520038063 -0.32763113485224044 -0.5731741737733402 
102 285.68766962388315 308.83880099598025 280.3913776403719 -0.15793523018353486 0.6273075841057164 0.7625887869555409 -0.4732628492105769 -0.7258903401767732 0.49910468801157853 0.8666479900305314 -0.28207872830382674 0.41152503254909784 
103 314.66934826023504 311.9405432188852 315.4828065903679 -0.6532947455207638 -0.5619380764701164 -0.5073771513263345 -0.11504797829139204 -0.5886901321234976 0.800129921344954 0.7483113911775127 -0.5810933888399408 -0.3199383304333649 
104 299.72899036024273 315.4603364441714 301.33651632229817 0.38427413390497545 -0.635864653732719 -0.6693351418721045 0.3576971558663451 0.7709178193794783 -0.5270089756809816 -0.8511087678415189 0.03690335887909101 -0.5236907555100934 
105 289.84345460480836 295.33180099598025 318.85558349335594 0.9802397192259393 -0.1924139788128129 0.04590156434452044 -0.13849040431615006 -0.5018517198636535 0.8537946235379104 0.1412462415931876 0.8432803282582341 0.5185824786940684 
106 296.1509191566173 281.10419154056893 280.87707198453546 0.8419840832367331 0.536173682489851 0.05983799613348135 -0.4766244504364738 0.6872977331657054 0.548134070489522 -0.25276854397279785 0.4900404148542791 -0.8342472385254373 
107 317.0807602606448 292.9590718309139 291.0317568425635 -0.7504741797913566 -0.24741758744860742 0.6128401446442631 0.601883973378104 -0.6388860481470054 0.4791245141648337 -0.272991186775463 -0.7284292380898869 -0.6283841635804575 
108 313.48372465883205 286.3776083672582 283.95984950200994 -0.9150870525071959 -0.3852516820342942 -0.11915044197752526 0.3323311261152417 -0.887829042282773 0.3183011377520183 0.22841127150087048 -0.25167584939566207 -0.9404719867610772 
109 317.63522714238167 283.80988899557065 302.7443967662647 0.7513151523977307 0.3894115055903028 -0.5328078650803384 0.587059667288377 -0.025552695490793417 0.8091402886993174 -0.30147386092467565 0.9207093673179656 0.2478059162169473 
110 321.04335292009125 311.0481127198711 318.8939054714904 -0.7610419058815262 -0.6461169614034988 -0.05786267950003299 0.0996506593335405 -0.2045804969218088 0.9737641225541309 0.6410030917137636 -0.7353092495446643 -0.22008031249400573 
111 284.92987422229055 281.3685174104514 307.2444665744937 -0.00781729268663118 -0.9717078535951491 0.23605663980612704 0.7338906212095908 -0.1659198870492869 -0.6586919972051831 0.6792226777984173 0.1680905658954725 0.7144243246287793 
112 312.5191016847172 315.9794014261208 318.91479135622296 -0.7878883599708516 -0.1183909849515343 0.6043306271443201 0.023028123415598272 0.9749954510459676 0.22102845059318965 0.6153873883615081 -0.18806234371047184 0.76546124469089 
113 298.0151183142588 301.0612279232916 307.8326750646492 -0.4768674101794063 -0.7343861352573773 0.482984966070911 0.7513295623498653 -0.0553852821368504 0.6575989349609545 -0.45618128178164824 0.6764683842311883 0.5781774496533896 
114 297.89908286606754 316.9669396779067 296.72085603092916 -0.8063930386493714 0.5395203868981884 0.2421735314584619 0.5894824497703693 0.7005396275415446 0.4021873588971658 -0.04733612394942752 -0.4670781330411265 0.8829480783173267 
115 306.0667688122488 290.9317408275086 311.62077534116804 -0.11023070831921246 0.9678493124724056 0.22609046704833982 0.8294979757969603 -0.03572761415149826 0.557365809622179 0.5475237886084868 0.24898041275115163 -0.7988907653578649 
116 294.3871375937733 303.5073495020099 299.0515387126509 -0.1645737669943397 -0.9859403533172604 -0.028932592658254302 -0.98198040680822 0.16653433060749048 -0.08933530866280055 0.09289755573778925 0.013708990836329234 -0.995581291361079 
117 317.7961742837392 296.7927936861512 294.51864956345867 -0.3783388827539714 -0.6677420993001303 0.6410773577492279 0.5148169527810375 0.42378170099777945 0.745233235322121 -0.7693004581603508 0.6119882014562752 0.18343185751822863 
118 283.6361773945772 289.5159870957832 302.75683986225266 -0.5948749220786379 -0.25776408775555243 -0.7613681777862022 -0.20647668997497015 -0.8664066173310292 0.4546503601032157 0.776846962778972 -0.4276648787409949 -0.46218129333902774 
119 312.86661100442944 305.74526445963596 321.6733882146607 -0.23420672415145594 0.6095408219064522 0.7573686003471828 -0.8535482841586385 -0.5018636670352832 0.13995780192523286 0.46540577668534383 -0.6136716109936206 0.6378123680898689 
120 318.6561913869473 281.9921556315129 312.86860432188854 0.4065688885036799 -0.28482268502943775 0.8680885766979681 -0.8524751765398726 -0.46002489696615717 0.24832069497846815 0.3286149909608375 -0.8409834316227043 -0.4298360797465809 
121 314.5130388662724 295.84976772409556 319.91028902629495 0.7730350673328733 -0.3055945189153614 0.5559035659919345 -0.492993554498534 -0.8408908027062004 0.22329355823001892 -0.3992169083299957 0.4466706257781138 0.8006942064049346 
122 296.4874741915662 314.24976352510436 291.80470864377713 -0.4109967115697141 0.29519732445802455 0.8625197056947193 -0.7977242244661285 0.341505124316327 -0.49700131968195405 -0.4412683591407769 -0.8923187713471646 0.09512857363953693 
123 305.68028715723176 312.54422450521037 299.51165438973817 -0.011751241259096854 -0.7304586931736659 0.6828557723969908 0.9593906825082087 -0.20071614462613416 -0.19819825327901905 0.2818358150507205 0.6527963900432059 0.7031539280280348 
124 289.9742935325294 305.7733255626393 313.1394849194767 -0.4178318423481143 -0.7348007096896069 0.5343074663146963 -0.03475831843648389 0.6006029083577943 0.7987915909494959 0.9078592461496708 -0.3151889330414521 0.27649145677351855 
125 319.8594042297156 307.1420569040121 296.4993137465756 0.28820475711554966 -0.28442049280944676 0.9143538709088502 -0.9253954718561767 -0.32816631217589115 0.18960509545093984 0.24613256315257012 -0.9007840222955256 -0.357780528443123 
126 310.70373118775126 293.96789008372383 282.11593765522184 0.1019131617249082 0.4310686852127278 0.8965453117919935 -0.9941645958846671 0.012097317492420379 0.10719333560890784 0.035361896961409935 -0.9022380193377231 0.4297861011070889 
127 303.5766172261054 314.272414957626 291.42764738715204 0.9544841469680484 -0.26972440147925325 -0.12731363019463288 0.2906675199744389 0.745474729080097 0.5998164895489829 0.06687604966343787 0.6095212675121469 -0.7899439337268178 
128 292.8149752797195 299.0170817779144 321.97187328775897 -0.6672309600407174 -0.3162396697804451 -0.6743851401241708 -0.43430882579213925 0.9007342915812289 0.007319822997531722 -0.6051270030350621 -0.2977754308649669 0.7383434857645778 
129 282.70252021404616 320.4479600455745 317.54154865965137 -0.3898361832410541 -0.8145935287044905 -0.42949404329840674 -0.1418812181992661 -0.40769451445656196 0.9020282161907799 0.9098887130623942 -0.41258037504805634 -0.043358551254228925 
130 296.2216497170802 282.1947175026244 297.40831311928724 0.559202852481552 -0.22716791360373031 0.7972997609465489 0.7388874587103045 0.5726922963404278 -0.35506176515214305 -0.37594879057808317 0.787666346076342 0.48810268809095975 
131 295.54994620682595 311.0759000307243 321.4089312799243 0.37912106474628143 0.8676228533144986 0.3217107437933243 0.8937663388631996 -0.4333921606189598 0.1155550372294611 0.23968510546280924 0.24372488490188707 -0.9397601985074936 
132 316.41809779296926 302.3223861919759 310.19998600762995 0.25142355625925533 -0.712264600057462 0.6553360472787476 -0.7229721251163344 -0.5883747463728262 -0.36211388282622353 0.6435040805330784 -0.38274573457543787 -0.6628787226948726 
133 293.1973222981796 310.5364975164503 316.2236657321351 -0.47848963219285956 -0.1402006916350629 -0.8668283786015499 0.012018157493766118 -0.9881244346635438 0.15318506947906807 0.8780109542451034 -0.06287978757837767 -0.4744922512957416 
134 309.1357045984075 286.3975225439743 311.78095817651126 0.09452636904569298 0.09189295947615549 0.9912721369804314 -0.7070315581591229 -0.6947858097574939 0.13182964130538502 0.7008360302682227 -0.7133220608941916 -0.000704357538568165 
135 295.25149036024277 314.91798165501706 312.4747213943724 0.9511636129358191 -0.14964969367557948 0.2699865748693522 -0.30640122261502056 -0.3514585459299444 0.884644098648055 0.03749762935040195 0.9241654936620466 0.3801474294500564 
136 310.7211616867655 297.7127846736821 321.23485759274905 -0.19570145297965416 -0.9208231577271264 0.3373212911974219 -0.5249214383214608 -0.1921853110417378 -0.8291696387412647 0.8283468023069693 -0.33933688042008314 -0.44574887178161743 
137 321.68820398392097 284.9392633714828 298.8345452415701 0.4415045110907098 -0.7423744933791536 0.5039383675278141 0.6420561769973109 0.6537210406046177 0.40051550113623996 -0.6267676062673887 0.14672734118376768 0.7652669175411869 
138 287.2523204291165 293.61744076605993 304.2078669124613 0.2643346772594197 -0.8903202934113639 -0.3707518759737586 -0.40297800976594655 -0.4512207240547256 0.7962465584406667 -0.8762053994602101 -0.061070723947440994 -0.4780527843589127 
139 290.97244263512306 315.7320901758968 297.243064367463 -0.5768054440051634 0.11615397442382513 0.8085813094498016 0.3525167337065197 -0.8575342949952677 0.37465568908513297 -0.7369039504731211 -0.5011418832351955 -0.4536842301034828 
140 306.21154741787643 289.63290438333723 306.10148056686376 0.3163328710017239 -0.7631998464732421 0.5634354524406735 0.8122383849378854 -0.08894810387199309 -0.5765041551030425 0.4901043978146846 0.6400111164353277 0.5917630016162814 
141 310.9966904524157 310.7006105435645 306.5890268965871 0.8563670669495403 -0.4431789418568502 -0.26500541907456165 0.34754869150471934 0.1151318451905171 0.9305667978476259 0.38189704591368834 0.8890090459144209 -0.2526213819230858 
142 304.992701653993 285.6494995391352 281.8393446885322 -0.2176694584457979 -0.5819364152043034 0.7835623877644189 0.7411209926844696 -0.6209431217475856 -0.2552828113225594 0.6351060392267575 0.5251472633590771 0.566445646751895 
143 309.76371268914676 301.08059685843773 300.70951741045144 -0.17989359705215024 -0.9836727529049285 0.005119465995393109 -0.7212535611214829 0.1283599754253104 -0.6806739434401711 0.6689032772450876 -0.1261413171853418 -0.7325686137076367 
144 315.74379912691705 287.13731934096324 313.4769746524311 0.796225508560856 -0.43215411754703514 -0.42340023406246424 -0.37171716701091645 -0.9016048199906209 0.22121278516184065 0.47733770777761203 0.01875012684819175 0.8785198606046376 
145 279.54387733312853 293.59411924879026 285.238839708631 -0.7767063195364116 -0.03919385247865532 0.6286422950455077 0.5956087398905201 -0.3703562734568036 0.7128018375938827 -0.20488416766121842 -0.928062537030275 -0.31100225916012103 
146 300.953186099803 314.79886255984854 315.31491045139165 0.8942112559485759 0.04822811557487025 -0.44503963711445704 0.15916162027416939 -0.9634698006025221 0.21539155498449172 0.4183943216232424 0.263438782632764 0.8692216054829712 
147 313.67581623012524 293.51045678111484 299.0109420078348 -0.08878936783109774 -0.835061796416337 0.5429440526666391 -0.6377738739251831 -0.37103803882429354 -0.6749631541676084 0.7650888405267838 -0.4062050835616668 -0.49963636395887046 
148 301.79296455180906 281.4472335176795 288.8712772102313 0.3417194453457193 0.18616862566283737 -0.9211780845696581 0.08435199969390497 -0.9823027245474332 -0.16723067151192447 0.9360088465502093 0.02055724119380476 0.35137563804886424 
149 317.20436645159634 281.57989117187697 296.50963106485386 -0.002807917340522401 0.9570487882731998 0.28991331888171107 -0.07164613737127033 -0.28936194577335794 0.9545347009606477 0.997426160976333 -0.018090914931402205 0.06938135338085384 
150 309.4651480144405 309.9132032030111 312.07036334075843 -0.21341553692332557 0.7547896923553511 0.6202792346305356 0.45064080370741827 -0.48727282810203176 0.7479893428568216 0.8668198628513664 0.4391556800356412 -0.23614744135554816 
151 286.50402502752394 302.1014207056354 299.2107817164657 -0.5600036830030033 0.7388068565061469 0.3749137284797365 0.38132497898723083 -0.17189581280712357 0.9083188261506895 -0.7355182767433174 -0.6516258576199108 0.18546322076804436 
152 309.25912360140313 282.4675472642548 300.2139292572394 0.9603316052284658 -0.21033600127952096 -0.1830900722733474 0.11550403620595727 -0.29757091963955046 0.9476868498639226 0.2538149436488147 0.931241276120541 0.26147210181955444 
153 316.9667185907776 316.25793112630254 292.47500372532454 -0.7767670011496484 0.18760775803445207 0.6011957709850166 0.2662216170888821 0.9629307871838126 0.04347815184829568 0.5707530784144412 -0.19382370396535786 0.797918100597792 
154 287.65578498092526 296.42776896587037 289.0975623447781 -0.643696437870979 0.7233530526029074 0.24983045683476687 -0.7563110666310846 -0.5514622035058229 -0.35197018140156877 -0.11682665091305708 -0.4155114912906257 0.9020541747821352 
155 308.6404894257112 283.3514948664772 305.63902021404624 0.7405125104774554 0.30289301291036813 0.5999141976620124 -0.358693048495052 0.9330258325268755 -0.028321242890401242 0.5683137503067311 0.19421281772223806 -0.7995629197534657 
156 299.82538370842633 305.2723149883505 311.421501241775 -0.34779719418939753 0.9192553862806072 0.18440891114063404 0.5927412752576117 0.06319243945782743 0.8029100174996878 0.7264261093325058 0.38855662443131866 -0.5668587630888116 
157 287.8816957395601 310.1308571190824 316.7902033566327 -0.9728652928744733 -0.09557585113686766 0.2107092276093496 0.2309580792994366 -0.3466875983554371 0.9091017955943406 0.013837901812769308 -0.9330985831229208 -0.35935434691598994 
158 284.0685354481912 312.3426764600457 293.1814065596436 0.13851698609360147 0.9203129185599281 0.3658376367943191 0.929772063501284 -0.24806667645779873 0.27200520944229345 0.3410820348480838 0.3024682726549818 -0.8900426897295445 
159 300.5919676626468 311.52016806206314 304.0241946514069 -0.6561755248780708 0.15162054113773824 0.7392191096394136 0.7115698510448876 0.45042394982653855 0.5392463374994922 -0.2512011696528257 0.8798462802829587 -0.4034457775678082 
160 295.6211251504212 294.6628689351461 294.65486784699283 0.4618583278120026 -0.16330316686219562 -0.8717906633610379 -0.060913007540163225 -0.9864236704071679 0.1525055670225282 0.8848595880381884 0.017332574916291418 0.4655352739628422 
161 294.6820600148501 290.65020957830865 306.53024907186926 -0.33211596070145727 -0.03446385388836014 0.9426087371876573 0.856519178181766 -0.4295750542426274 0.2860772101710928 0.3950618762348364 0.9023732684136897 0.17218768364260548 
162 286.7143031722867 287.21254850602963 288.0380774253014 -0.20131963104967818 -0.6114384507845537 0.7652538317814597 0.93438045276906 -0.3543200243174025 -0.037289272596844954 0.2939448513532902 0.7075311592219107 0.6426477130535762 
163 317.40062749315115 307.7683882146607 305.6618578999924 -0.4296519340261255 -0.4984732810259224 0.75294329380828 0.4809780391038194 0.579368498375453 0.6580214806448325 -0.7642377519381353 0.6448693908020648 -0.009172094587330286 
164 305.1280393399391 280.33449005299946 321.0958554036409 0.35342819490147426 0.8088037059467543 0.4700266761530473 0.6914266616235644 -0.5642946933841463 0.45111048603926884 0.630093392002156 0.16555381078453588 -0.7586661011867708 
165 288.81595786926806 286.09495569296166 294.02276663594245 -0.6169776767304388 0.706135988552256 0.34743418382139446 0.5429008833124023 0.0622931222607603 0.8374832522609746 -0.5697343041409083 -0.7053307965701866 0.4217953177724251 
166 298.8325410425789 301.86303544819117 286.8206777018205 -0.2675612315955857 -0.4315351027734237 -0.8615035939689306 -0.16361986905431 0.9014650425418227 -0.40073596734723 -0.9495470108413294 -0.03373769626694055 0.3118048140309828 
167 297.5826352638452 293.09836349438 289.2404591110428 0.5718475009762868 -0.5336155330189012 0.6230930095484378 -0.7996123934919263 -0.1928206980316455 0.5687180308243285 -0.18333154611601551 -0.8234528774201609 -0.5369496278676134 
168 292.36650124177487 297.2423980080395 309.63593127992425 -0.8692235760697794 -0.1282745084843403 -0.4774892933643282 -0.22079368740687136 -0.7634008966300437 0.6070166543231924 0.44238051766069053 -0.6330598087839296 -0.6352438556150809 
