1 303.37189428271506 284.50751259697364 312.32873196866115 -0.3808041337383667 -0.13231383820204096 0.9151400220447231 -0.41211995256879 0.9102563282349632 -0.03988184553027912 -0.8277350762306006 -0.39233463411791825 -0.4011585452774015 
2 307.3041301303224 299.4575460224801 311.11135059016317 -0.16232847501636516 -0.5057946745947937 0.847243302334346 0.8783707781311705 -0.4652749365135816 -0.10947150121161527 0.4495711760379027 0.7264234168884084 0.519802632806017 
3 284.7974623755025 291.2021386819264 320.1777290114448 -0.18652972988536612 0.8407031650350557 0.5083550414512799 -0.9545909878905797 -0.2774385180788284 0.10855374025942592 0.23229874237063688 -0.4650226413694969 0.8542781966705908 
4 315.7292708349336 306.39587002329927 295.77278295824055 0.031244764131302966 0.8401588398201334 0.5414396444539934 0.8923064206169866 -0.26752078859059475 0.3636232657539496 0.4503476617459897 0.4717687479517403 -0.758037751049357 
5 294.1872902680698 292.0228314642702 298.27508597690553 -0.253539056205911 0.1231096236077139 0.9594592057786422 0.5869447345056553 -0.7688341875224118 0.2537515925720247 0.7689043019871207 0.6274854680962103 0.12267094893974993 
6 289.2047237243005 319.2246602913691 301.67511970965523 -0.6357289470909474 0.3896405272919639 -0.6663549844656945 -0.2813349966446344 -0.9208315055482076 -0.2700369568277361 0.7188180058217737 -0.015798667079051445 -0.6950187599086328 
7 294.57255596948056 319.4914018997875 310.30940734055355 0.4599527184934955 -0.41932166247251423 0.7826958797206807 0.59304779628412 0.8011145157554364 0.08068360408708715 -0.6608614136662798 0.42706542359130156 0.6171525872098311 
8 295.4898258698825 305.6604982845585 306.86687935581335 0.09276058983462915 0.5602207532842749 0.8231331487451659 0.8405926725313542 -0.48715249807969746 0.23682567956475079 0.5336660302662397 0.6699516036284345 -0.5161060132720428 
9 288.76175170904065 298.3235031108381 316.17055270502095 0.1798491540461553 0.9666110852232458 -0.18253024876009283 -0.12921251144602622 0.20716184101222637 0.9697360973554793 -0.9751709638184954 0.15082102490024357 -0.16215612776995741 
10 301.07113650562 303.0577479837162 293.2414418542131 -0.63379029105091 0.2093784907061314 0.7446277691566607 0.4690300563407116 -0.6614678506044799 0.5852102945657383 -0.6150777781863301 -0.720153407439215 -0.32102709626300346 
11 303.63022061346237 308.5617870036101 281.0087524899506 0.20025391139832 0.17561468860739834 0.9638764713981768 0.9795254872888073 -0.05666512815799477 -0.1931809592130203 0.02069276978318004 0.9828268130226019 -0.1833664769867593 
12 312.38029788514234 308.24208333973434 290.3005073098293 -0.2188788241346119 -0.8242592251245033 0.5221961222975551 -0.8031635136752598 -0.15171307556996727 -0.5761176208049117 0.5540942434697016 -0.5455088198171093 -0.6288081558436434 
13 306.3248945899583 280.9173462375503 289.0345665437695 -0.7066989877292493 -0.1260795080832479 -0.696189987276419 -0.6956564360382098 0.3032211089226761 0.6512442568670518 -0.1289909444149816 -0.9445427024466333 0.30199407198443823 
14 283.2344429423663 286.1543913254987 316.3389636172774 -0.3773712720899228 0.9218048391623664 0.08869476590012067 0.3147531184873935 0.037598121018475275 0.948428624461715 -0.8709313390868978 -0.3858266706601853 0.3043293985200578 
15 303.2806377473949 299.98619465140695 282.17176243695116 -0.018966681859983348 -0.6823461323317644 0.7307831557111208 0.2435282931201914 -0.7120543653947008 -0.6585381926451314 0.9697083249251747 0.16547609015876763 0.17967589753937238 
16 286.30792179378864 320.3268449957755 306.21546222188095 0.41003066323999715 0.3885002456488653 -0.8251923499001547 0.3952154555449758 0.7397137405408588 0.5446359570882444 -0.8219973229283325 0.5494462131872625 -0.1497640140782563 
17 320.5099717080166 290.9187699004021 315.93726259057286 -0.4277606317621213 -0.2965427350429343 -0.8538637175847953 0.03205080539630316 -0.949034417517558 0.3135385466582338 0.9033236340248822 -0.1067524269530293 -0.41546399549385593 
18 321.6136879688661 314.28529135622296 305.5199527357452 -0.7668829954987002 -0.038195789625300326 0.6406493212903923 0.5240528795743407 -0.6135157496084757 0.5907342925480048 -0.37048488582502165 -0.7887582054325967 -0.4905114093861329 
19 281.6122226361472 286.979018344983 291.6802119082367 -0.795064699220096 -0.5733249227552898 0.19791578259880943 0.1042651572855138 0.1922585607061367 0.9757896406559314 0.5974955238579494 -0.7964516173521444 0.09308018149352791 
20 314.36082743170243 308.07232602350416 301.62934950200986 -0.41320446672916955 -0.8499000007358848 -0.3270046749271418 0.08229908300112442 -0.3924771087446012 0.9160723661636412 0.9069117540379751 -0.3516130086623915 -0.23211928512543747 
21 282.22485463553267 304.8541374401516 314.53353451365956 -0.34884188459155585 0.8399692848176676 -0.41564520942446526 0.20219810914778708 0.5005163962903582 0.8417833816971994 -0.9151094274520789 -0.20960662586714107 0.3444412840832539 
22 303.047030788335 316.9884356325371 311.96108380059917 0.6448524509727988 -0.16654903373265628 0.7459401690732929 -0.7637874760541596 -0.10444170631338147 0.6369620250887537 -0.028178145737220925 -0.9804862820789834 -0.19455755641389022 
23 301.6992644596359 323.1286012110505 299.0436721074327 0.8625639513451576 -0.05415521767020111 -0.5030413921725744 0.5057394729437902 0.12083453023594314 0.8541818318187271 -0.014526367280333559 0.9911943445670743 -0.131615941100935 
24 303.8392279232915 306.8006553242696 306.7346661929999 -0.4699849514627235 0.7114304879132216 0.5224756513619909 -0.8529776582686159 -0.21381284509783027 -0.4761440766887259 -0.22703140728360155 -0.6694406083729353 0.7073231312265291 
25 301.1078451493971 282.5813202754949 307.4339160457793 -0.7751293084621562 0.20331566379613897 -0.5981950317564623 -0.5761047653853567 0.16125254093265468 0.8013119975034978 -0.2593797495242531 -0.965743422912058 0.00786044775045148 
26 309.2331445963592 294.0578874337507 319.2416847044064 -0.7393038595689608 -0.5951680805611003 0.31496786996081694 0.020753239641976756 0.447386001700754 0.8941001445736241 0.6730520828812591 -0.6675482914092659 0.31840253197135343 
27 283.1387901144482 292.0413787285251 292.057055815859 -0.25046692363488815 -0.23042938060451817 0.9403024091849883 -0.7169387440349501 -0.6085481509721253 -0.34009996361363465 0.6505883164232686 -0.7593230198687675 -0.01278256746166705 
28 305.8328019305119 317.6996509588551 293.976609609033 -0.964346302014712 -0.23430323387137203 -0.12303741052203152 -0.14533665944561727 0.08034854084264086 0.9861142770519282 0.22116388767549455 -0.9688375026710494 0.11153666754204923 
29 308.3795108815322 298.5967333640578 295.83587748675023 0.8724917646265031 -0.3811259780982074 -0.3057795112129246 0.3833060207953012 0.14573895083495392 0.9120507949843579 0.30304226616266383 0.912963935228666 -0.27324391647534535 
30 286.9281464526206 308.3511472335306 302.9361817471901 -0.1833186551272914 -0.48776322954312545 0.853511161372821 -0.9251903859455162 -0.20787249867439814 -0.3175086991703523 0.3322905662764227 -0.8478655885224508 -0.4131669436960955 
31 288.8101040146454 320.9592515554191 282.72697963233236 -0.19459710786676676 -0.41078784526292916 0.8907217925896557 -0.1978166147320064 0.9058585889969939 0.37455146999624006 -0.9607291775239567 -0.10331293686959567 -0.25753812247805297 
32 279.2512311877513 301.2434106050133 311.7939000307244 0.638092995920764 -0.21140925222681528 0.7403671093651869 -0.6437746507937278 0.3809816887633959 0.6636317893398453 -0.4223642119691028 -0.900088373938854 0.1070018296471064 
33 310.9128966126431 289.95084406124386 310.3662171953812 -0.08362799558483341 -0.9685661766695722 0.23427744186359498 -0.9701292458155026 0.02540818424022634 -0.24125436905278785 0.22771825743208998 -0.24745501729668312 -0.9417592100143172 
34 297.7426958931818 281.8910559694806 293.9738129656656 -0.9781185877558131 -0.020900383477518342 -0.20699565758021662 -0.1468978613080738 -0.6351735311640399 0.7582714577588413 0.14732632700806567 -0.7720866267972117 -0.6182048156486777 
35 309.71890081163434 298.2977905753131 315.0368274317024 0.8770496859276461 -0.2752507513087334 -0.3937269006788781 -0.24505081391965394 -0.9612682496312899 0.12614852693595405 0.41319964546394927 0.014155428455992014 0.9105304370715424 
36 301.7658804439666 302.94577161584357 320.26305177048937 0.5120788045017827 0.5640473546043011 0.6477853654906963 -0.8345399751130518 0.5051951711817603 0.21982008314287127 -0.20326910222247746 -0.6531679881764888 0.7294198045728852 
37 298.4906438154492 288.17098289679194 306.53531762552177 -0.7577060287881131 -0.3410645747826702 0.5563780457265218 0.586863263933521 -0.729007450947673 0.3523345653041589 -0.2854349021816394 -0.5934838601774212 -0.7525316101835625 
38 293.3588774867502 289.2300892413653 314.5540203676678 -0.7693310487515385 -0.5253658670025815 -0.363483759218323 0.20015543884057665 -0.7385378986230303 0.6438164121859697 0.606685699295273 -0.42255470425271946 -0.6733349717521748 
39 305.17229275161947 317.02549906546847 305.2339850730983 -0.3085881459221627 0.47702738723110655 0.822932699573778 -0.5546807382932829 0.6125823696165537 -0.563091572483008 -0.7727241647332768 -0.6302283017021941 0.07556224567088879 
40 298.2159718616381 295.8186152034207 311.3883804439665 -0.887270002337471 -0.09933040714796787 0.45042803328376796 -0.024991559249198762 0.9854552004325474 0.16808768517277395 0.46057286602486425 -0.13788226193483608 0.8768472597467449 
41 288.40696315641253 305.7592666359424 292.3070601684718 0.6515346987043498 0.7586061249049023 -0.004391314267926871 0.6754541432629232 -0.5827346742045876 -0.45186502390495253 -0.3453465458538479 0.2914396107883067 -0.8920755105541102 
42 317.86927301124007 287.96499580100885 294.40905052871443 0.754909561050083 0.18600082525652478 0.6289000299245205 -0.37786214333334367 0.907133154917113 0.18528259466462807 0.536033352759606 0.3775091154581781 -0.7550861622856558 
43 318.5751968277134 291.609746114653 280.0626644903603 -0.2535284674342679 -0.7915416109344331 0.5560442377722782 -0.6498553155734085 -0.28641906903025965 -0.7040256996138885 0.7165273093339949 -0.5398388602677263 -0.44177213574808855 
44 320.25739691988633 303.7170741608419 300.51847341065616 0.7575816202961233 -0.541027902574216 0.36518337479360324 -0.5485215934868785 -0.830934012667717 -0.0931274828959846 -0.3538278537200182 0.1297592972702638 0.9262658229168409 
45 293.44106016847167 314.64074237652665 303.1178916327419 0.7658714403135352 -0.26111793960356305 0.5875868944498857 -0.6389094525125303 -0.411878341090047 0.6497314396202862 -0.07235778052296535 0.8730255745154898 0.48227657815789593 
46 294.3398602299204 319.38269138694733 304.71376850500553 0.6970474982963009 -0.5361412608564142 0.47610643088091426 0.03587215848176527 0.6892464789722232 0.7236383623539121 0.7161270650971995 0.48733134480727885 -0.4996700781551768 
47 318.3646075863482 317.8806120925826 283.2426052564201 -0.0692346871050001 0.1916449938240803 0.9790192819570209 0.9975245559264277 0.0011983114659705745 0.07030877877913594 0.012301155443931247 0.9814635807770957 -0.19125355207928968 
48 302.4143409504059 318.43730426044 300.80123351767935 0.6150134501437083 -0.3547924902942365 -0.7041880039969061 -0.0616606111009926 -0.9119588202592549 0.4056218425947995 0.7861020450176833 0.20604222621143842 0.5827436622022162 
49 287.274057364877 316.17838712650746 315.8619213329238 -0.22502057988821647 0.9727003169626411 0.056743563578155375 0.10795522503618142 -0.0329893242148837 0.9936082597660069 -0.968355001027081 -0.22970807096970303 0.09758480474551344 
50 319.5004954937656 284.09070553293907 282.1350817779144 0.3331235238219472 0.4143924257809371 0.8469401604197543 -0.6833421362108326 -0.512808140212778 0.5196838810376244 0.6496708726387993 -0.7518688241886992 0.11234335075047465 
51 291.0643903909671 280.8795034180814 307.12449020662115 0.6876003892107884 -0.3792751367186453 0.6191575529897259 0.09104019556989047 0.8910339702302885 0.444713555770729 0.7203592073040836 0.2494169893225076 -0.647204587352043 
52 299.57430441406154 320.02351927951463 307.9202280769133 -0.0039048641550281375 -0.8255865501040864 0.5642619961712497 -0.8600287402348613 -0.28513555029875814 -0.4231409740569471 0.5102306517703231 -0.48693384175168664 -0.7089147450511767 
53 281.91968485802795 295.8894200911488 317.37719573956014 0.13445680831531734 0.9142001986760518 0.3823079432058998 0.7355249394348812 -0.35061026290918623 0.5797201971745214 0.6640214079131573 0.20324969934398102 -0.7195589826759232 
54 312.2598106357375 321.6004407660599 317.1429867885399 0.25884837909592107 -0.5498621341426577 0.7941342141448737 0.8886264476888756 -0.18669172018477737 -0.4189143565005849 0.37860342458470253 0.8141239678639433 0.4402971858213549 
55 318.5374022070308 309.43908395422085 292.6084258391582 -0.6361020528045668 0.6207100760048524 0.45835922589587597 -0.4633211095189055 -0.7822811002737309 0.416377028219247 -0.6170151763870845 -0.052490777290624055 -0.7851986948584677 
56 281.033061256625 308.1011319993856 303.8562165680928 0.1834734416202077 0.8247710700708317 0.5348739834711081 0.9330600413678027 -0.3173746244330454 0.1693289903374423 0.309413082177776 0.4680021685208282 -0.8277907433869088 
57 308.5199527357452 318.76901088153215 285.14121268914664 -0.0647912483269376 0.8380858869050568 0.5416771550571443 0.8814899549144888 -0.20636307833946738 0.4247231325029417 0.46773662837657876 0.5050013129377238 -0.7253937692082041 
58 310.1312664823208 309.6429903602428 280.5199567811149 -0.9274316840684239 -0.03673362088800775 0.37218424534424216 0.13202255525633508 0.8989397077256002 0.41770497576375687 0.3499150129525665 -0.43652954421283896 0.8288555005184777 
59 284.72361302711425 311.29122823053495 312.8201752182708 -0.7951815894109519 -0.009880915618757351 -0.6062908603701754 -0.3873584334761155 -0.760981680318965 0.5204424331603396 0.4665186854530051 -0.648698119101219 -0.6012911660732602 
60 291.81571268914666 295.93736255984845 306.3900783598331 -0.5676022130624809 -0.3310232795819784 0.7538244597393783 -0.7810536729943488 0.5060446951611028 -0.3658878604181111 -0.2603514694189606 -0.7964561223784381 -0.5457790372461097 
61 297.43260867450147 292.45218392349653 316.0507699004021 0.288113918530117 -0.611586288098819 -0.7368531618706197 0.10596759749800612 -0.744393800565406 0.6592789530694052 0.9517148933528999 0.2680300018454983 0.1496618851978702 
62 279.2724710807282 293.0655904831401 310.6837798474026 0.4204527808247896 -0.5958099097458843 0.6842733449034111 0.8824301267485368 0.09311084077093702 -0.4611371192362314 0.2110367989315174 0.7977097985981685 0.5649093261021697 
63 283.8370074634509 314.27651166244215 286.7292577770951 -0.6250982619626542 0.7616343623836218 0.17077839713430654 -0.7592618615800764 -0.5425749260616363 -0.3593520212259382 -0.18103477135961232 -0.35429584762695604 0.9174425670923874 
64 284.47756110300344 291.8040923522032 309.6849064060221 0.284339219818245 -0.387103084396599 0.8770988599489749 -0.35522160639492145 0.8072091214912668 0.47141387817024305 -0.8904879664674672 -0.4456059203286494 0.09201383235520902 
65 282.708861164452 304.7351742837392 292.7609227283202 -0.43406746025309506 -0.5437285225077136 0.7182929303292678 0.5663419237999222 0.4553702867323386 0.6869459420565135 -0.7006013597589078 0.7049802804142019 0.11027483362527808 
66 319.6306344829352 305.18136753974966 306.95275481987875 -0.07815704776024453 -0.5801422347781976 0.8107567226437049 0.12519916712997742 -0.8125176912898288 -0.5693330922149237 0.9890483529309186 0.057008672740292574 0.13613730861533693 
67 304.55939661264307 319.25479601607907 288.6135956166628 -0.30990893849092344 0.49252200380304956 0.8132518217706357 0.9262887052442536 -0.03643336323383875 0.3750491228897832 0.21434944455340293 0.8695370525821771 -0.44492654428157885 
68 309.2949654863405 321.68401088153223 294.9975065289193 0.13176851364069422 -0.4405394322800457 0.8880101730381793 0.9909896306063269 0.03684233054353085 -0.12877187080592042 0.024012722537389425 0.8969769513685936 0.4414246683975037 
69 282.1525065289193 295.9673443684871 312.1911829889649 -0.989085899161932 -0.1356523250592918 0.05751113618283511 0.14100749614876412 -0.7582862572981576 0.6364894641882208 0.04273137148382828 -0.6376522553075153 -0.769138239325253 
70 310.542570589139 289.30738821466065 285.3242807819342 0.9303009854102584 0.06800255722232791 0.36043824541233976 -0.0007427290528958779 -0.9823127104236283 0.18724632785114623 -0.366796298915701 0.1744631512710159 0.913795975013203 
71 282.97449767007197 290.748383081138 315.3340970120594 0.9641289160136925 -0.26418341824803865 0.025740140423941602 0.06438401323774937 0.3268354159508173 0.942885629182913 0.2575075380365861 0.9074060460472138 -0.33212066399322127 
72 287.022812031134 287.9719661136288 313.87116231405383 -0.2179324062771336 -0.19041134790936812 0.9572089557048639 -0.8690139253423468 -0.40854154528130526 -0.2791211266462095 0.4442074558754561 -0.8926574507427251 -0.07643567084911392 
73 290.9314827431703 287.55351275059536 289.99711411526744 0.6811890816542396 0.69621615806049 -0.22641664313946666 -0.4936547967268004 0.6651853108319772 0.5602083932984112 -0.5406351604397185 0.26983617902136403 -0.7968074170007896 
74 281.18581358015217 304.19583224518016 307.87112577770955 -0.12789085729806682 0.28178208203314326 0.95091681385105 0.06372756997036376 0.95914357985156 -0.27564903419966214 0.9897387157453416 -0.025346626493509255 0.1406229820483149 
75 301.30317848273046 299.0810589266969 296.10626570141085 -0.3095790251755943 0.4547237043076964 0.8350971080730764 0.792535376576247 -0.3618771664284704 0.49084884974179926 0.5254031823718578 0.8138005094360584 -0.2483550418154141 
76 317.3824578692679 296.9551256240878 288.6937806283124 0.39805391992870676 0.549351870577307 0.7346874159277567 0.8924232860962569 -0.41735914334692087 -0.17144102163100522 0.21244706461269405 0.7238949286726195 -0.6563858445910553 
77 281.10055566223724 282.5969903602428 312.59640314156235 0.0510480654235145 0.989828664058025 0.1327904771646748 -0.3384813058316021 -0.10794649157899928 0.9347609109062693 0.9395874097810432 -0.09266483024798775 0.32952803919554674 
78 293.34238370842615 318.9606560923778 299.52349299741405 0.9718781043190091 0.04124463332188963 0.23184441025703448 -0.0943444382036483 0.9702705100766623 0.22287724032662304 0.21575930414544978 0.23848274046084586 -0.946875865769614 
79 301.97226243695115 283.79295288936686 284.73873321043607 -0.210405204799982 0.5952052860304061 0.7755387271274982 0.749466553919699 -0.41116281030961876 0.5188882615496591 0.6277177186831718 0.6904171281911783 -0.3595756592866659 
80 297.998900965256 308.76158380059917 304.0129729497914 -0.4922437703340532 -0.7746941941652138 0.39691935716720345 -0.12970030221947132 0.5161755684196336 0.8466053473554523 0.8607403221480295 -0.3652556475858743 0.3545622790641016 
81 297.947879509435 293.0441913869473 301.26837857490335 -0.18052513776778747 -0.9668433427993054 0.1806228809386736 0.8423927417841888 -0.24678006240000863 -0.47903451795373253 0.5077254604835556 0.06567763155376515 0.8590118191796021 
82 319.8954903602428 309.05625248995057 280.42093532529384 -0.8506710919593743 -0.5225789520906927 -0.05718332043908727 -0.385015610403246 0.5452611991324051 0.744616145719731 0.3579408792670374 -0.6554399007937239 0.6650389938921275 
83 319.94636660521803 291.11230006144876 291.1016281076376 -0.23996161914157707 -0.4139732880393717 -0.8780914178653748 -0.2061671691157287 0.905617708516987 -0.37060985469796687 -0.9486377178447838 -0.09210148104297196 0.3026611925436287 
84 319.7313935018051 304.568800368692 291.12266557851353 0.3161455922447656 0.12445508742033053 0.9405120391145475 -0.8832043060036261 -0.32337611838956765 0.33967343127178695 0.34641321909081346 -0.9380505408934501 0.007685334647610325 
85 289.0363345751082 292.98454291164194 322.8102879253399 -0.08284458192519693 -0.9861913216752313 0.14339962446986987 0.9094635763995803 -0.1336486855095246 -0.3937182140364614 0.4074466571811869 0.09779931448653914 0.9079771559008737 
86 322.6292767365646 306.4383375323246 296.7283748495788 -0.2966478224370981 -0.8771908342418473 -0.3775398121594863 0.14634250947882818 -0.4324209576153376 0.8897168006362887 0.9437075497010531 -0.20868242795487216 -0.2566470434275331 
87 288.38605177048925 287.21076678956393 308.8310087052257 0.7427667513344287 -0.45664819613785845 0.48966312713552246 -0.5597117118335575 -0.8248361650593561 0.07980037873671633 -0.36745115695619646 0.33334325518032426 0.8682522222703135 
88 288.52820973193036 292.5165632793099 299.517970773485 -0.737580565830979 0.6159061073695774 -0.2768295067605826 -0.6714698968598699 -0.6256046739098876 0.3971737272190834 -0.07143589097538218 -0.4788303028077474 -0.8749962597597742 
89 292.3754592646645 281.6018770258853 301.6014011188776 -0.2824189867592702 0.18116464657323683 0.9420291326439227 -0.8725909575495296 -0.4564795145732241 -0.1738144803455355 0.39852796228202364 -0.8710946123165885 0.28700111440959625 
90 295.7225690273191 301.60175901886987 296.29888246665143 0.09154276524171479 -0.6458501660964184 0.7579561234564497 0.9957850477597696 0.05504325870911512 -0.07336469402072787 0.005662224825328411 0.7614773815576605 0.6481667506021245 
91 316.76852363212754 294.15847947871066 307.30411629157396 0.00957995284439492 0.893037527333557 0.4498802054741524 -0.10356754040394645 -0.44659512351965525 0.8887218688786389 0.9945762862034143 -0.05510689995301992 0.08821133997050357 
92 293.44060401464526 294.8864161994009 318.92666790844146 -0.9649793999844722 -0.06722417636158476 -0.2535659040922385 0.027581067809604846 -0.9872497184018764 0.1567714202713545 0.2608716970161572 -0.14428757267319414 -0.9545297554649557 
93 285.7185203676677 279.3975323373531 293.7716341756919 0.6159331304082125 0.7869137259275659 0.03732514986353655 0.6505211478366341 -0.4813091328321429 -0.5875063870884119 -0.44435190455633705 0.38614544746658647 -0.8083582611181664 
94 319.195358053614 307.09397092710657 314.34103327188467 0.8594602324870497 -0.4302844027963063 -0.27601348061921266 -0.0620270756288849 -0.6237166271228991 0.7791856075027074 0.5074256109640465 0.6525587343378805 0.5627489205472612 
95 298.1110342064163 280.13177425301484 302.6103347287298 0.9341959309320146 -0.03299342448185313 0.3552314690044041 -0.06258095439375731 0.9651206508862351 0.2542159581538821 0.35122868159823634 0.259718238046332 -0.8995470249235855 
96 303.59777829838436 299.01091604577925 301.50359779296923 -0.010864180561783844 -0.734061352758007 0.6789962444430793 0.634694831473244 -0.529775442513309 -0.5625837283560358 0.7726865085413823 0.42484339573178403 0.47166052264442815 
97 307.0987988196739 310.1133546355328 286.19687733312855 -0.1810897478877832 -0.04862910866253896 0.9822635659539786 0.8282088327187929 -0.5461522260836964 0.12564981237708864 0.530355194767162 0.8362732542264578 0.13917762625140492 
98 319.84545817651133 280.8693697160561 288.314903295184 -0.48816798021765656 -0.7061517899224914 0.512875884283396 0.8347839978062584 -0.20635969157312345 0.5104423128037546 -0.25461284354253294 0.6773221739195516 0.6902224080831325 
99 282.20912904216925 297.732207555624 307.71980410681834 0.448582584189173 -0.8476597299000584 0.28327839216559303 0.8613062251873945 0.4946271639685601 0.11617037108428449 -0.23859013310613528 0.19187743736609786 0.9519757336267641 
100 288.36028482730376 284.8860981002125 280.5035065289193 -0.9738508627487727 -0.22337872243484314 0.04142998294530409 0.21570003306036914 -0.8518469428023926 0.47731570451428995 0.07133016796017644 -0.47377075933577273 -0.8777546779921931 
101 313.15886442891156 303.9251560923778 289.43808954860845 -0.822266588108204 -0.5662747884584041 0.05666146871801998 0.41595078522207307 -0.5300482312833037 0.7389410103564302 0.3884103530469263 -0.6311748858041073 -0.6713833935808465 
102 288.2270893949868 309.0153064367463 281.2300138387485 0.8004166721719735 0.5873585522623335 -0.11976260682466314 0.5766473128885367 -0.6998800234128963 0.4214805207432409 -0.16374073240209 0.4064208212085836 0.8988943701239693 
103 313.6343512174514 309.28299984637846 314.1979323680775 0.7279081596219038 -0.6700654894960942 0.14547147810554664 0.32517213801724354 0.5241259370603767 0.7871182139665406 0.6036661261104095 0.5256464989771551 -0.5994021740867401 
104 299.61553420641627 316.1549916020175 304.3211021455821 0.588411134863727 0.07799160136022082 0.804791678936636 -0.2990015744582262 0.9457695437813297 0.12695679787690503 0.7512458950569265 0.315336772630348 -0.5798209421771462 
105 285.5732173490027 297.742475433341 320.81953109557827 0.06458088415049917 -0.07075143716804853 0.9954011972772564 0.4516009689624754 -0.8874250397964936 -0.0923762067544731 0.8898796964952583 0.4554898823034906 -0.025359276106771054 
106 292.9900803825179 281.86958488875234 282.92002922651506 -0.5041679145611002 -0.7128373146328305 0.48752197570383043 0.5844783436569093 0.13394067320226596 0.8002780528405109 -0.6357670797730902 0.688420553825337 0.34910938307013956 
107 314.0680214558211 292.5360942212664 291.45042381647346 -0.9288131763474375 -0.11183264111210696 -0.3532697890073174 -0.3674145800789445 0.4016759752756243 0.8388461940259305 -0.04808960167016927 -0.9089278691228845 0.4141708813315309 
108 316.4108944363366 287.6905104206673 282.25660649819486 0.4577505050192874 0.16309924565652376 0.8739926265254533 -0.7890369751236069 0.5275586940870011 0.31480545767347584 -0.4097378760163357 -0.8337148555468413 0.3701815940834058 
109 316.3288031722867 285.913842819469 301.9748916327419 0.7971456696021121 -0.5809216997099995 -0.16458663445324354 -0.48538652220839823 -0.7786860081550347 0.39755254339774154 0.35910820861271747 0.23701915430957016 0.9026977428781692 
110 319.12360416826687 313.23344324960954 280.12149658191873 -0.5946334043937016 0.20228863068391711 0.7781326521070702 0.6418950859521887 0.702230082618086 0.30796689707926117 -0.48412995467084047 0.6826069300572776 -0.5474175426748663 
111 284.474697762245 282.7614732570346 307.17021843715594 -0.8296165226547056 -0.49907456390046073 0.25032180289754863 -0.5580646723128827 0.7551214534107448 -0.3440282141266308 0.017327632689692358 0.4251072456056342 0.9049771173233953 
112 308.5122302532197 312.04945040581714 318.30542677368976 0.5593084558850497 -0.2904481691616588 0.7764109171090536 -0.2639071452008465 -0.9502656383594953 -0.16537301855248476 -0.7858289062432221 0.1124058609853815 0.6081429540237362 
113 296.7616655785135 301.89983255242345 311.51321610722795 0.7016122684251118 -0.15146079447341076 0.6962757015240817 -0.5158343991795197 -0.7820814878895517 0.3496618636962986 -0.4915842729568005 0.6044900115286856 0.6268466547279196 
114 297.549202422101 317.93215282791823 298.0813879074175 -0.34110754005367 -0.9005349604564241 -0.26959679359050304 -0.6957534740866554 0.4347194372477146 -0.571792020034715 0.6321176705447131 -0.007469663633144907 -0.7748364051271294 
115 305.3556212714751 288.9098802903449 311.4504011188776 -0.6282907650040767 0.3915614119217134 0.6722576703202919 0.4815890297881055 -0.48289499029058514 0.731357938864416 -0.6110014083439935 -0.7832573581180904 -0.11482678239646907 
116 295.9288709578309 304.2558647361549 301.3107304068414 -0.3660116609527316 -0.40796271050641686 0.8364220769939541 -0.9176543118192978 0.30767272822408076 -0.2514916624991809 -0.15474504207265136 -0.8595952065614435 -0.48698054664485585 
117 317.51932586988255 300.9412955552143 295.47372994597646 -0.3964947479088729 0.6185000388733597 0.6784169932971401 0.9148437393384607 0.3277802263320574 0.2358411665060359 -0.07650390495852859 0.7141553228390567 -0.6957940265529297 
118 281.98392148654534 289.88959561666286 303.292976214251 0.9657912243367608 0.10511804677349518 -0.23706013422046712 0.23424254119265672 -0.7458289180864006 0.6235941443292068 0.11125530499579263 0.6577913203962139 0.7449381423458585 
119 311.8137534244822 304.4412430038149 280.2553323988018 0.8329614269871835 -0.11075686136410823 0.5421329899685561 -0.37462705943040786 0.6081708236947942 0.6998448510555185 0.40722208620603983 0.7860414536569724 -0.46509031987220967 
120 317.42377379215 281.25152783111866 314.5467964897457 0.04461873410728424 -0.01182337267503651 0.9989341201627117 -0.6348515670724472 -0.7723951664605652 0.019214437645009016 0.7713447065691975 -0.6350322154717373 -0.04196938122888396 
121 313.9290688736975 295.1687782983844 319.05933659779305 -0.1110642999178059 0.4776473813815108 0.871503126984151 0.1842590402842236 -0.8518273438042622 0.4903455744889642 0.9765824734026841 0.21504221773121063 0.006596759502834811 
122 296.4017559080319 312.60237842128186 298.27142226745536 -0.7486390429743596 0.4124444013185128 -0.5190656983036431 -0.5704752569825186 -0.001854317725840229 0.8213126948224414 -0.3377833099860963 -0.9109808874651462 -0.23667754048082315 
123 303.26161069718614 311.01401943313624 303.9289168266892 -0.5201454847492186 0.8534064642292468 -0.033853825584944604 -0.8531550280041754 -0.5210171913901445 -0.025837655991210406 -0.039688447767510356 0.015443221414639696 0.9990927554667504 
124 287.2888838620478 303.6122871572317 312.8975799088512 -0.9328247548585139 0.19616570384166623 -0.3022531941261447 -0.3061271060637611 -0.8738967471726017 0.377611798298428 0.1900635989772383 -0.4447735287957782 -0.8752441581789453 
125 316.85341728755407 311.2791116317177 298.1823031722867 -0.8315722289403548 0.43578800677765517 0.3443493011520839 0.4098083509106944 0.06293927542481606 0.9099976720480422 -0.3748929761665687 -0.8978460117179101 0.23092811795711468 
126 305.94060432188854 293.57450217630645 284.335081470671 -0.6114117664997466 -0.500799361030175 -0.61267907731326 -0.4258427022700195 0.8608163922196416 -0.278663115265239 -0.6669585029887684 -0.09052700634473901 0.739575024195139 
127 307.13067739457716 313.0461184678803 291.30773212228286 0.40140349277171083 0.9155079131692929 -0.026842073598692725 -0.8406093571530525 0.37988413835349905 0.3860880082237095 0.3636635047092376 -0.1324133767858179 0.9220713383414384 
128 290.80080534859314 298.02926663594246 280.4631721074328 0.19481957052534704 0.5276967470928491 0.8267898632953509 0.9321418599982673 -0.36191543718894065 0.011347650122774978 0.3052161328948576 0.7684746966764502 -0.5623964373898064 
129 282.4197271423817 321.23108147067114 317.3436921678573 -0.3162552622884951 0.896850447753502 0.30926021961962447 0.4231480572253552 -0.15840981488073677 0.8921054042072935 0.8490749853465508 0.41299588970569195 -0.32940258703440456 
130 295.5380559694805 282.0893698696778 298.00168268172166 -0.028446634979152223 -0.9879660553198725 0.15203243895318383 -0.6821994549468265 -0.09197849254518266 -0.7253577466184314 0.7306125461752047 -0.1243504340354533 -0.6713734258418177 
131 294.6927389584454 311.4415923522032 280.45425823795995 0.5373284091906521 0.8384694667027838 0.09081373290308295 -0.2969647091016225 0.08731851913869475 0.9508877103862549 -0.78936059074724 0.5379074545147846 -0.2959145622516631 
132 313.5466141152676 300.7330572112554 308.53834016949605 0.21383623968162954 -0.9484615568570471 0.23386906114988157 0.8486668002681242 0.061808891210981425 -0.5253040291963623 0.4837754899966342 0.3108059461007393 0.8181448155106411 
133 291.25519589318185 310.02191278131966 317.82016029136906 0.004016361020214921 -0.9853264655404729 0.1706330130709605 -0.5289197250572197 -0.14690534561579538 -0.8358604811060868 0.8486623552918736 -0.08689404890452473 -0.5217486281490615 
134 308.4700954630413 284.2931773945773 314.78258924136526 0.5681659959362313 0.15923033955388932 0.8073618148186993 -0.6055814774634959 0.7451981986384476 0.27919655961193807 -0.5571880070630758 -0.6475533520194032 0.5198232209833575 
135 297.3116428809176 313.78787515682205 312.53342708093305 -0.734775460957706 0.012608248570696432 0.6781932276588807 0.5305255905036554 -0.6123279546443933 0.5861715395528526 -0.42266726842179236 -0.7905033257545429 -0.443234556612938 
136 309.88602783111867 296.4608950508233 281.6601413190978 -0.37391111203900174 -0.8782879487868723 0.297994562550234 0.9205219458895534 -0.39067439619683453 0.003586543175347175 0.11326882814554139 0.275651582930318 0.95456082959576 
137 320.8667213943724 287.7219815013955 299.7110236321274 -0.7585901836062144 -0.511560832485748 -0.40354237448225744 -0.5664342562963783 0.8238539214478805 0.02041933909111855 -0.3220142335833356 -0.24407013496418098 0.9147330772352684 
138 287.69807244540027 291.9625194331362 304.61566573213514 0.49000479946813535 0.8701944049927088 0.05154603784558147 -0.33998043642426523 0.1363241251721579 0.9304993475251943 -0.8026883575504001 0.47347379063199596 -0.3626485492010273 
139 290.3019171339325 314.39217708733395 298.83385774637077 0.8051552307879016 -0.5586000712697022 -0.1992260392427766 -0.2377538071179918 -0.6117729524325481 0.7544580716467045 0.5433214348208469 0.5600891134894894 0.6253814863063775 
140 304.3847720767084 289.0781497170802 306.0021400773229 0.3722839515958136 -0.7788941698286723 0.5047063815636862 0.872482151497737 0.10825119132341486 -0.47650453816825455 0.3165115396033581 0.617742302083939 0.7198714423519991 
141 311.46550435261287 309.5208989425712 309.2079429423663 0.7884146571151083 -0.3069449106354165 -0.5330920654831416 0.1744686017700343 -0.7194486842958563 0.6722754626351987 0.5898839169213512 0.6230396556399743 0.5136716383620441 
142 307.6755817779144 283.75254384617364 283.67566993112644 -0.7341811422395518 -0.26943418689482895 -0.6232040350576604 -0.4786256790185154 -0.44563637550066565 0.756522094994386 0.4815553029132703 -0.8537057102789883 -0.19821970253523338 
143 307.35198476585504 303.49667304196436 300.2671958931818 -0.8562639116743901 0.5156960568761112 -0.02949051519562031 0.4989125959382361 0.8404834768948617 0.21136164903050614 -0.1337846597268998 -0.16626816288500781 0.976962928074859 
144 313.54786286709174 286.13738619197585 314.1443344214866 0.07134937176165063 -0.9240350079994583 0.3755909625385827 0.7150087054101767 -0.21516575238743177 -0.6651813663860507 0.6954651812541583 0.3160110804876751 0.6453411335659092 
145 321.3492857618354 295.4023020841335 283.79677020764535 -0.7537927413118323 0.57696306828702 0.31449979487818497 -0.46219971511931385 -0.8057349204185306 0.37035477769534625 -0.4670844960916831 -0.13380902753912954 -0.874029300229581 
146 300.6164615945926 315.396 316.6583515246947 0.020342152165427202 -0.975621224729371 0.21851641289120785 -0.33154818097726607 -0.2127768540015462 -0.9191310102982441 0.9432189568366109 -0.05375161633630738 -0.32779378152321603 
147 311.44116557851356 292.0393891491922 302.05597325703457 -0.7070712232264839 -0.496307393356839 -0.5037154520007735 -0.5332371165097197 0.8420629299004968 -0.08116772550583541 -0.4644442516184284 -0.21120841220636022 0.8600479892144774 
148 300.3286055636635 280.5727109737051 288.87571299639 -0.30846925939863434 -0.3767094398521289 0.8734624857040818 -0.12633927126685165 0.9263310560054796 0.3548931715538268 0.9428070346268207 0.000878980127945082 0.3333378509142269 
149 316.91539691988635 282.8948709578309 296.52215065161187 -0.1851070793812784 0.8018930298195054 0.5680694833291321 0.6314375111322308 -0.34588474543419234 0.6940103835037758 0.7530086577842694 0.48716661585418447 -0.44231962391365187 
150 307.22560462913174 308.18866821568474 313.44701166244215 -0.6380030473275828 0.21976004209565558 0.7380092380850215 -0.7168891766277555 0.18036434097821943 -0.6734527547923991 -0.2811085556056559 -0.9587357448231542 0.04247059646030028 
151 289.49959141767164 299.9583569654608 298.41635603092925 -0.704561166734086 -0.6543499961732199 0.2746263731661813 -0.13347359198572148 0.5022777125362621 0.8543429637632473 0.6969780215851377 -0.5652815068595889 0.4412238155741595 
152 308.20532493535103 282.0225614102466 300.14072605422854 0.6149964422006086 -0.7810013074017393 -0.10870296186106236 -0.778712922310432 -0.6232263915439932 0.07207669186221093 -0.12403854524839354 0.040321492033778016 -0.9914578239001557 
153 316.0540934403565 313.01552145582104 290.0022300995981 0.8025593104380795 0.14416885222753387 -0.5788902273113182 0.15742024008521713 -0.9871459766700933 -0.027598709309676055 0.575428033068141 0.06897943745377874 0.8149382896685432 
154 287.66472652789514 294.6565998156541 290.63930347953 0.31457425509356873 0.7973201218727201 0.5150957787530365 -0.5849354209714577 0.5901968900918287 -0.556343584683851 -0.7475918614627051 -0.12628639745752002 0.6520415281958112 
155 308.77445242850195 285.0525537931741 308.9106030801137 -0.9319497245778877 -0.07487416768088706 -0.35477256076716784 -0.2920328823038879 -0.4249388215780756 0.8568219147343981 0.21491046161711858 -0.9021202009321878 -0.37415589873418564 
156 296.65645584658324 303.9314312799242 316.77272061346235 0.9358507802655947 0.03434098516295659 0.3507192806423897 -0.28577423766189636 0.656294321666308 0.6982913778912945 0.20619505853690637 0.7537230659112126 -0.6240073218707962 
157 286.98223584760746 310.21677627569966 318.41863635199843 -0.24343227745872517 -0.9150435264693996 0.3216147865967977 -0.7454217462966762 -0.03564826534257825 -0.6656392576509282 0.6205539029280784 -0.40177673631571803 -0.6734154050184915 
158 280.23252456665904 311.46181048211594 295.104646298999 0.9636199382789576 -0.13868974793990851 0.22847706311055085 -0.12298244604273191 0.5288887950528033 0.8397332674325463 0.23730135380271808 0.8372823874201328 -0.49259138360251453 
159 302.5641497170802 313.5205107279105 308.06127549478964 -0.8921352029267732 0.03953150891951285 0.45003559803792376 0.08994791940322958 0.9917627323428788 0.09119240390963211 0.4427235610331076 -0.12183571946819914 0.8883422234521055 
160 296.75866868935145 295.8931559387561 296.9295696546073 -0.008123824201727648 -0.8612466815073112 0.5081221871489014 0.4195305345935135 -0.46419091397239537 -0.7800775127698228 0.9077048716537883 0.206835560235941 0.3650902860908027 
161 295.7248900837237 291.48372030621914 310.3720959239061 -0.28387005603128923 0.5660909891130608 0.7739242749350799 -0.37267852512531596 0.6785325357585871 -0.6330120969045072 -0.8834752448140307 -0.46811813675825154 0.018354885964543925 
162 285.50573414496756 288.3574107586347 288.7001044755101 0.28942467571340386 0.4866151379890222 0.8242809378895742 0.571490020325261 -0.7786583444008063 0.2590180290320121 0.7678753243572967 0.39610212089172303 -0.503458633919665 
163 318.3116122462044 309.87305022147126 303.8176291957908 -0.22652222476762485 0.40022215709013226 0.8879808030923008 0.36389090023439885 0.8804377983577477 -0.3039945656579421 -0.9034772240698292 0.2542666084980167 -0.3450759298907875 
164 304.358336597793 321.442055815859 324.8276646439819 0.17138238435012623 0.04202666108018498 0.984307796419858 -0.8560405601817382 -0.4881913733189119 0.16989332635724852 0.48767062414932383 -0.8717241207947871 -0.047690875084908026 
165 287.0721278003943 287.75496113372765 295.1637316486161 0.4924683687195842 0.7623570747532163 0.4198649739909132 -0.7633010357312112 0.6101011288637037 -0.21248092011024078 -0.418146427298301 -0.21584323740379516 0.8823634524416317 
166 297.7237195253092 304.42315049799015 288.25549455923397 0.9474123949095601 -0.10622855503397018 0.3018695878473461 0.04481389352905724 0.978043016767016 0.20352781701782424 0.3168619082794563 0.17929682498212066 -0.9313705919948473 
167 298.02225699618515 292.128627954016 291.63019449778534 0.009054410173497266 -0.6143898216536139 0.7889506731759918 0.40877993417161923 -0.7177717985168471 -0.5636511427048978 0.9125880686679271 0.32761073288634673 0.2446512305765368 
168 291.23074098113017 299.06819760862334 310.5836021455822 -0.1271842537437255 0.7185532033205057 0.6837437090003035 0.23309535633018522 -0.6483838667335073 0.7247516238112264 0.9641009907976215 0.2515544779119323 -0.08502719674021698 
