1 302.8795472642549 285.3165911104284 312.5513676933713 0.5490735726556879 -0.3953155564484189 0.7363720680749616 -0.7411977385602012 -0.6374397434696459 0.21046730339555278 0.3861918230159049 -0.661359345798665 -0.6430083137568392 
2 310.75243003814944 300.76672465883206 313.2120635865531 0.5630239954810728 -0.08401946257194595 0.8221585676873107 -0.7648464308690337 0.3238832918221435 0.5568748068150979 -0.3130717452908052 -0.9423589248198235 0.1180920789595783 
3 286.77869403692046 289.9494182220857 318.12787920219176 -0.4288418889530077 -0.7175644957644477 0.5488131090795209 -0.608699020712148 0.6784170026361145 0.41138287849435623 -0.6675178922420648 -0.1576437913542483 -0.7277144347779351 
4 317.7410614102466 303.601866605218 292.78047978595384 0.12243121224330107 0.9113843007095572 0.3929239808013595 -0.34737286773360426 -0.33151017137907773 0.87717335631832 0.9297003221636354 -0.24388452737384886 0.27600298599193945 
5 296.5811041682669 290.5964706198633 291.63776974678035 0.4827270337439586 0.13437802809255883 0.8653999979539605 -0.8094942491622791 0.44555855132945493 0.3823566893757653 -0.3342060314625651 -0.8851102320633025 0.3238613987972165 
6 285.5442685050055 316.9796128734926 294.3004053178688 0.2634751980201008 -0.9545633003690119 0.13924699500128576 0.06850457002722155 0.16249732265630829 0.9843280672697071 0.9622307124144678 0.24980697692048345 -0.10820596272015172 
7 293.31016790844154 317.63298585400827 305.50371221547994 0.1618316662804864 0.8318773049213628 0.5308395815551544 -0.675237678944353 -0.2989327108454715 0.6743095070666145 0.7196280905597858 -0.4675675180584575 0.5133381218397195 
8 294.2364740379446 307.30080534859314 301.9791249967996 -0.7036671742689148 0.7020625553368257 0.10936487667586545 0.43691949852879114 0.30616345056819283 0.845792701163546 -0.5603158570500676 -0.6429402071189073 0.5221819897393483 
9 292.1052159536062 300.77476228332955 317.263026896587 -0.2269552856156795 0.2735842937409001 0.9346886821553999 0.440702850398555 -0.8270002337005908 0.34907250122253536 0.8684885122911495 0.49114381567669435 0.06712269616786114 
10 299.19353124919996 304.5608546355328 291.90956560923786 -0.11632851511029015 -0.9913741525230929 0.06037355614301829 -0.582078739765069 0.018795907153526928 -0.8129151582962303 0.8047683003733089 -0.12970737675011074 -0.5792443173056256 
11 302.8776226668715 309.4197170417595 281.32853544819113 0.15506886303008685 -0.38569721403897783 0.9095005809789937 -0.969167930186638 -0.23784210836858619 0.06437899179494486 0.19148673796454943 -0.8914419726316216 -0.41068727593430415 
12 310.96780223775517 308.2051546969814 289.2730020226849 0.571027770875624 -0.30681301365389607 -0.7614414353983043 0.3884204272427692 0.918119154212742 -0.07865615276775088 -0.7232266979235228 0.250844560077135 -0.6434439758754029 
13 310.41515563151296 319.32590407609393 289.6688944363367 -0.5263266900819564 0.7525147988814254 0.3958556463811275 -0.6013526478604213 -0.00029999686878804825 -0.798983668739943 -0.6011282793369753 -0.6585752709192219 0.4526846632204817 
14 283.60494200783467 287.1550763371483 315.69779446706093 -0.7052635680427122 -0.5748429587930152 -0.4149203204444854 -0.6648729419308967 0.7394435342258526 0.10567511901925974 -0.24606355008375785 -0.3503981056136967 0.9037001144752117 
15 304.2575614102467 297.89557975522956 321.0138989425712 -0.5888988795581136 0.740605923376091 0.323575301769845 -0.5635367368087498 -0.6632585870267627 0.4924575037525657 -0.5793310417387794 -0.10766110251858638 -0.8079508840779512 
16 284.56390951686006 318.1517411347519 305.64071486545305 -0.8310425403833135 -0.5284796198681467 0.1734289118263385 -0.39343743295134864 0.7789383540107135 0.4883257386250836 0.39316063183629374 -0.33758603649304736 0.8552545735270879 
17 280.914239892977 292.60838697288574 317.27403016104677 0.9114907707726684 -0.37870298398720104 -0.16052608733609752 -0.2364754858077072 -0.8018000516906807 0.5488132849347133 0.3365470537803795 0.46227775960780737 0.8203873192363059 
18 321.0547925979979 311.14688262027295 306.22045475843 0.025646338780070336 -0.6000693408367805 0.7995367730723145 0.2780117305506125 -0.7639674000046227 -0.5822914127878157 0.9602352539786444 0.23721424476176847 0.14723334913895053 
19 280.5261504979901 286.5543524592263 288.0582796937809 0.7728555816821725 0.5805913187909846 0.2561405286307815 -0.5446325510536443 0.39971550628336705 0.7372943091937108 -0.3256833342305223 0.7093244917392725 -0.6251312911887491 
20 315.20655596948063 306.35199471285574 299.23114070461133 0.7275169462498354 0.6852987888622214 -0.03293422085440074 0.5337956372692307 -0.5352176949658202 0.654678727795405 -0.4310235614808636 0.4938700122293805 0.755189446740951 
21 284.7628914791203 305.6394343907623 313.018924751005 -0.8325319163466544 0.2963665772401357 0.46803574666806597 0.5521776180938665 0.37589938293530206 0.7441770837542924 -0.04461486680861661 -0.8779900374171827 0.47659522433174173 
22 301.3018009959803 318.01779773152066 310.24704648334495 -0.9579538522833235 -0.07760977075999945 -0.2762266105539449 -0.10287091230110558 -0.8058162954117115 0.583161790115988 0.2678469568576064 -0.5870577667755759 -0.7639510365007649 
23 298.697266789564 284.7697622833295 300.02416744757664 -0.889485444441971 0.43476614066927255 -0.1406913183299376 -0.4548905649216133 -0.8131462306772386 0.3631360371550783 -0.04347663822284605 -0.38700337267645296 -0.921052751728092 
24 304.38917972450525 306.1290785134548 303.0085032644597 0.6308289766587005 0.6106310935084294 -0.47873214833394706 0.4752881670315072 0.18358971123363196 0.8604626524196048 -0.6133155472410323 0.770340499759588 0.17441202350348792 
25 302.2664109122565 283.2655430652636 304.290196981335 0.03944955583020891 0.1091427512559031 0.9932429674521192 0.9955824652803362 -0.08905094257327342 -0.029757090804372468 0.08520145169612528 0.9900291861733691 -0.11217362949360761 
26 305.5108502829199 293.2367840463937 316.00262251324995 0.8889798307767205 0.34682189553589127 -0.29904754345937196 0.3810007175183837 -0.9224396002540903 0.06279838480049306 0.2540734415925308 0.16976382612312382 0.9521695907858876 
27 286.61042475100504 292.2846805054153 293.69833317971177 -0.9335733469867102 0.14234731632315842 0.3289043133369131 0.2266588785895157 0.9453985751008623 0.23419497636329062 0.2776086427915651 -0.2931872707551504 0.9148631950814129 
28 305.71581840643165 315.5524707734849 288.9497882453849 -0.9976608129532181 -0.05446329249699969 -0.04131164566935594 -0.03469622345805636 -0.11726290388551783 0.9924946264086695 0.05889884867527448 -0.9916063539241375 -0.11509893345294345 
29 311.0127333640577 296.22546144097095 297.67247808331416 0.28003014274768295 -0.6688079348826146 0.6886792180622012 -0.8904033333391611 -0.44910218432818166 -0.07408867666632184 0.3588384359725473 -0.5924552086611339 -0.7212709633688773 
30 287.6871257777095 309.52549455923395 300.6173159228819 0.9545771877552641 0.22481149798897132 -0.19555608655627676 0.2799558818645744 -0.9013972123387823 0.3303146527135914 0.10201517939345986 0.37005790892754437 0.923390517177588 
31 287.41451227692863 281.5168667588397 283.655555034949 -0.011780631541765299 -0.8322208885053539 0.5543190502371682 -0.14013326943202445 -0.547512647704152 -0.8249803436460051 0.9900625654567335 -0.08739733027588154 -0.11017178922882073 
32 280.942327265279 301.0705310955783 313.15214101185455 -0.4758442468931671 -0.8783208370086961 -0.0460951187764844 -0.14875780004704342 0.028716748519879185 0.9884566076867561 0.8668583330763099 -0.47720839853337593 0.14432177502155377 
33 310.7778795094349 290.9763205827381 313.5377290114448 0.3271067801155537 0.309822837520267 0.8927547052540944 0.9192848566852544 -0.3231660247623002 -0.2246754831050853 0.21889839348794982 0.8941887551240079 -0.3905252405903767 
34 301.0267568425635 282.56044838313244 293.9004427887447 -0.5886288277474373 0.7798035426455047 -0.21312563905405257 -0.4697140479235139 -0.11534815205751359 0.875250545272737 -0.6579398272851286 -0.6153058090855613 -0.4341819261295638 
35 309.9175028035948 296.0931301303223 314.7320794479862 -0.16950173436134963 0.03721680525741752 0.9848269246192074 0.4877849554643655 -0.8651353133354384 0.11664787543123084 0.8563498112752298 0.5001557747606483 0.12848813837259093 
36 302.4964664208721 302.3532506208875 319.01091402309453 -0.4769337111961472 -0.36749571010905774 0.798424159313901 0.5271501604122014 0.6072826517192688 0.5944076793735119 -0.7033114128905191 0.7043824841463989 -0.09590814629472252 
37 297.33672481245355 286.6608914791202 303.5353042604399 0.7149549143096898 -0.6770490279298081 -0.1744823322967856 -0.46336288613421067 -0.6457138066834894 0.6069172230310257 0.523578366873385 0.3530698141127551 0.7753756509618959 
38 293.375857272704 287.22272994597637 312.1995374708759 0.08350051050965694 -0.73451917690647 0.67343094931943 -0.34373912857099836 -0.6555436901352881 -0.6723881927971816 0.9353454315031839 -0.1753398103125708 -0.3072212145761981 
39 302.9730099470005 316.0752552807435 305.2027260542285 -0.5888437806177671 0.3098436327984315 -0.7464984428932494 -0.5869290372921345 0.47106197912592435 0.6584944320230016 -0.5556773409192617 -0.8258919632955856 0.09552569158431595 
40 298.4358204291165 295.60007742530155 307.50689474358 0.4418804764077657 0.044626044884591244 0.8959632585589682 0.47426306529355344 0.8361503217051893 -0.2755488784420488 -0.7614566234973648 0.5466819510741746 0.3483140176647015 
41 289.89325062088756 307.77365143252183 290.01460649819506 0.4837111438245224 -0.872761402133412 0.06565869543398752 -0.8680828836767291 -0.4688444452657756 0.16314715201596833 -0.11160482250990764 -0.13591328518414497 -0.9844145176209995 
42 320.20518174719 288.2636495634585 293.7179289499962 0.12801681000608786 -0.9849568863346125 0.11606734432169319 0.9791158615744284 0.10687805697986735 -0.17294279559892867 0.15793614522720772 0.13578296284230001 0.9780690982913922 
43 320.6500321837316 290.4734031415624 279.8223774867502 0.9142666293421787 0.3693033558023323 -0.16652796120900304 -0.0016847942695682387 0.4145280958093131 0.9100349549621565 -0.4051094814239241 0.8317340255020443 -0.3796114051008005 
44 320.25434950200986 305.74671906444433 303.8560408889572 0.501952610495906 0.7307059421973378 0.4627228142785336 0.8523640129245561 -0.32718835273233965 -0.40795020689717165 -0.14669412492493128 0.5991799461545754 -0.7870604969369944 
45 296.7372559080319 313.3392035102543 300.05982789256734 0.7057386751302952 -0.2148924508691465 0.675095665061469 -0.18415898339044703 0.8644908114208018 0.46769766495632686 0.6841186967638972 0.4543972617968284 -0.570530224624087 
46 295.7270579921653 319.72075155541904 300.67062266687145 0.5939684141721628 0.7800993345348043 -0.19658726109328986 -0.5025203977333542 0.5505971631312375 0.66657033673405 -0.6282314643725782 0.29713261721021733 -0.7190531516947077 
47 279.84690625240034 316.41619667409174 283.7629367206902 0.03456672421267677 0.5253462239753547 0.8501861481652363 0.7776930086823653 -0.5484338607970616 0.3072684243097546 0.6276931780924295 0.6505625606243153 -0.4275156475383793 
48 304.84147963233227 318.43743252169907 296.08780861305274 0.4581743104865306 -0.8565122679686764 0.2376195194619886 -0.8494559788000041 -0.34321024024333946 0.40078831204644166 -0.26172665376517956 -0.38547823000950887 -0.8848195821169522 
49 290.64834872110004 315.4283044140615 314.1629967355404 -0.304364459708224 -0.8906830050351481 0.3377070627157202 0.4560125636751112 0.1750198418710252 0.8725941764198831 -0.8363102399450654 0.4195853184907673 0.3528928209386365 
50 319.36254508794843 280.7691599841258 320.0316539160714 -0.7578860491208993 0.42044312275146195 -0.4988349597601523 -0.638032907733891 -0.31817323654188645 0.701198830715723 -0.1360982924086629 -0.8497019313144222 -0.5093956053245721 
51 291.29122683513833 281.10527098855516 305.5878611644519 -0.6975513547130218 0.0018024021483704425 -0.7165325246522476 -0.5596366909532444 0.6231184342407551 0.5463791641783684 -0.44746941982322364 -0.7821254172163472 0.43364841757721484 
52 298.1705494405612 317.56147714878256 304.84096890442174 0.2938005718638331 -0.8649783804381029 -0.4068090772674096 0.1024799757231818 -0.3946350551940637 0.9131051570261524 0.950357342555031 0.3099606016684329 0.027301041465157383 
53 283.5647678777172 296.1039785441791 319.2049657935838 -0.890381841660596 0.1418626090635956 0.4325449990356548 0.2436849448387645 0.9511259828592442 0.18967607226259436 0.3844968448505313 -0.27428883477040433 0.8814350863338039 
54 310.97145895742125 279.3967647668792 315.6715551885706 -0.5333752521611029 -0.7189706189666554 0.4456367236267501 0.2590279071839653 0.3626965116124039 0.8951847763250269 0.8052424378297347 -0.5929017536884978 0.00721988858152548 
55 316.91721610722794 309.18727642932123 291.15836675883963 0.472429183249203 0.8795453222028334 0.05666297738033902 0.8802032833737414 -0.46752356925997735 -0.0816326657931486 -0.04530835190755797 0.08844059236301902 -0.9950504584541927 
56 282.9204867885398 305.98777721023123 302.66664816806207 -0.4710882600467419 -0.22690060918696062 -0.8524036395961242 -0.14675765820307687 -0.9327199496682163 0.3293868322347887 0.8697919527133383 -0.28026703167070127 -0.40609401615095503 
57 309.97996983895337 318.9575712036255 283.9158247817292 0.44857782073704466 -0.5461847433479865 0.7074320920602188 0.789884402203495 0.6126219050019875 -0.0278753056909412 -0.41816332921291954 0.571293819015775 0.7062314085736616 
58 309.22292786184295 310.66822698876007 319.3401452108457 -0.22666526083870292 0.24119019416379028 0.9436366619457703 0.8036443744372354 -0.5010466458459173 0.32110431034469267 0.5502531953240326 0.8311314871461607 -0.08026127403613255 
59 288.5661624676755 308.6112776710961 311.0572097319303 0.6760416767699889 -0.5041750866120613 0.5373780171441165 -0.707135332805902 -0.23884220059157832 0.6655178617543325 -0.20718897742762513 -0.8299167941765567 -0.5179872994352293 
60 292.71798165501707 295.05032182451293 303.22220009217307 -0.6886225339129736 -0.5381996956253706 0.48594247953439307 0.24537175163748265 0.4576664264061738 0.8545958961046771 0.682342809213689 -0.7077305488456466 0.1831004121923576 
61 297.0016041682669 292.75289474357993 313.4197667895641 0.08788880541171698 -0.2245465031462473 0.9704918473681754 -0.6733206075086591 -0.7313836645971553 -0.10824645335809462 0.7341082463693427 -0.6439385087764425 -0.215472224491464 
62 321.8641916941905 295.4619496249071 310.7775066825409 0.4556697109401342 -0.8870006051669407 0.074800006451975 -0.49784775109029106 -0.18428879002393225 0.8474581161366351 -0.7379110591840139 -0.42340000980750625 -0.5255660761778014 
63 285.27827146222194 314.38656234477816 287.8608204291165 0.18101598399942898 -0.5400739104297143 0.8219205465310352 0.5680762772749292 -0.6247917244450969 -0.5356534740505098 0.8028216219897023 0.5638754049770909 0.19370588769509609 
64 283.3301870343345 293.0892384975805 309.2181697775047 -0.5912245161130544 -0.8027571167225809 0.07768257911612785 0.26197549016007526 -0.10005624772442369 0.9598737364084388 0.7627728456770537 -0.587851817078555 -0.26945839577784714 
65 283.36396563996215 305.7724270809331 290.6918386204778 -0.4198045716878761 -0.5517321171773727 0.7206634391065865 -0.5029991722093498 0.8023584943160867 0.3212673020329503 -0.7554839206407158 -0.22762363118489404 -0.6143545622680244 
66 319.924933302609 302.5323473257035 310.0848720459841 0.3992938191251846 -0.8542676168946877 0.3328532480440829 0.10829125301533027 0.404454236273026 0.9081243170850414 0.9104051024290196 0.32656333150842 -0.254005787306762 
67 305.63000419899123 279.6851407046113 284.7821085208799 0.47539989687653905 -0.7506252171657153 0.45886460029588133 0.8394214085079852 0.5431544781800369 0.01883910219309702 -0.26337546770390147 0.3762246618549772 0.8883064599696768 
68 310.56563106485396 321.07553855902916 295.40802036766786 -0.6917729275274097 0.04164171357238595 -0.7209134375435878 -0.2668458617670549 -0.9424124681478895 0.20162347565995642 0.6710018649735313 -0.331850429516308 -0.6630473509726774 
69 283.6604654863405 296.4739300381494 313.742488337558 -0.24494788099203516 -0.16159697745931192 0.9559743471838176 0.6919493779714255 -0.7198000812996951 0.05562284859578469 0.679121928612579 0.6751105537887606 0.28813043268728844 
70 311.31564257367444 286.6895859769056 285.4742725375733 0.27589980989000606 0.7220402520595999 0.6344581698649393 0.4562092566047592 -0.6793604575910716 0.5747542804101444 0.8460215181015137 0.1308710933222739 -0.5168368677269866 
71 279.5907117546151 290.1174950200989 312.9533254090176 0.9668522416004453 -0.2551611738904194 0.009461408513403137 0.2229179391695515 0.8615868909061102 0.4560434429033519 0.12451640578090363 0.43881750735084096 -0.8899072198458668 
72 289.0514625291242 285.93001275059544 313.5951388355481 -0.33581229858689443 -0.5912409025177051 0.7332559548396699 0.579797612538131 0.48376046771625003 0.6555993733752637 -0.7423374088733967 0.6452983845206834 0.1803473490853902 
73 291.0741452108458 288.99517926364035 289.8609633100341 -0.7132234326079829 0.2354752834455991 0.6601997622425357 0.6672759923177485 -0.060277683935177885 0.7423673961696965 -0.21460448563636533 -0.970009274030731 0.11413554678155874 
74 281.65110945541124 303.7917103592186 307.1896957395602 0.42612491214786924 0.07715511856694872 0.9013682082955281 -0.671586552820067 0.6945393357057391 0.25804382036524354 -0.6061262750600995 -0.7153056681142339 0.3477768535216482 
75 301.1069353252938 298.2948117238908 294.9875376244976 0.19488780637569605 -0.7544790026211596 0.6267217704291508 -0.8184504258966826 -0.47722265082031606 -0.3199960029337388 0.5405160897472061 -0.450577380865714 -0.7105085365965588 
76 318.65442024477045 297.8363964590215 287.63064024374637 0.8984939025349516 0.10739067153246695 -0.4256476838599248 0.25272366988810346 -0.9193573139998829 0.30151762116534736 0.3589421315279131 0.37848298886835957 0.8531771055012385 
77 279.2515654556163 321.9592546662571 312.06265080523343 -0.4722877633633063 -0.8794747964188734 0.058892707878539854 0.8371779311136768 -0.4266595649106566 0.34219106844929975 -0.2758212831409363 0.21091632970025834 0.9377829821617895 
78 292.2114042297156 321.53796859717846 298.272782023709 0.5135724990709692 0.678765762759264 0.5249003024421246 0.854137117005835 -0.34608881560902005 -0.3881653218195905 -0.08181120675655813 0.6476878654229812 -0.7575007296583006 
79 308.93239924981447 282.6106396164581 288.77669682771347 -0.003746385779116009 0.9425667412682625 0.3339968605369258 -0.403937154106432 -0.3069640349975094 0.861746979542397 0.9147790662919604 -0.1316853046964148 0.3818877327186901 
80 297.19479150984466 308.0619773024042 296.7728288270989 0.34833945555035084 -0.15423471456225912 0.924592492144936 -0.9250434163285227 -0.21598914308384362 0.31247938808369785 0.15150677085246186 -0.9641370975612366 -0.21791134778173932 
81 295.5581421000077 291.5023774867502 300.4027044447859 0.943610982003703 -0.3002627060601821 -0.1394296309663907 0.2925499540891377 0.5591546138916821 0.7757323263382074 0.15496076601659894 0.7727796743658961 -0.6154662751788179 
82 317.6770981002126 307.35530737127795 281.27333006887375 -0.7448480320517529 -0.2945818582347762 -0.5986843391534283 -0.5438300280880141 0.7878921382104401 0.2889201950296492 -0.38658803615531095 -0.5407841596655062 0.7470623688531316 
83 281.393826804414 292.3655817779143 290.092457088358 -0.9183999228536622 0.31177521419431115 -0.24359350877328076 0.3953766498221044 0.7462159779109693 -0.5355735421824204 -0.01479481253128799 0.5881818852399884 0.8085933362313203 
84 279.3447559080319 306.2885093325141 286.2188591417672 0.9487998279311682 -0.22164711378861024 0.22505875558832222 -0.1129254812291489 0.42739405625657334 0.8969850368683515 0.2950029189803906 0.8764741169171691 -0.3804818000474102 
85 290.58559141767165 293.09016744757673 279.43558193153603 -0.19838229323097875 0.4321249242913885 0.8797229765889826 -0.9682891033216781 -0.22547358841712717 -0.10760052655449631 0.15185742695343896 -0.8731722113835652 0.46315182299826446 
86 280.1594387433751 308.3954741915662 293.32155986122854 -0.8022061749644668 0.27278954615592166 -0.5310848485476928 -0.47844419805954486 -0.8258217533606128 0.2985122795121874 0.35715039156081174 -0.49356285839237163 -0.7929938856154634 
87 289.49592350923007 283.47510447551014 309.7939476022224 0.4075771166169664 -0.6112432248485756 0.6784265723620453 -0.8271605511897442 -0.5618884882444714 -0.00931393224266979 0.38689315910941896 -0.5573715518889248 -0.7346091726756925 
88 285.71745771564656 290.0775541004174 298.0527147118316 0.3619816991463246 0.8849868957279916 -0.292860792652196 0.48850943556121534 -0.4476626180266289 -0.748970434522757 -0.7939318489963756 0.12804832998237425 -0.5943701240287244 
89 292.5447342985892 284.5681484753053 302.10417926364033 0.7108225560936018 -0.6403170148713417 -0.29107630308015864 0.6752105090869365 0.7371171961023191 0.027368003741872638 -0.197033149919292 0.21599157316087425 -0.9563083070623055 
90 295.7649580228897 300.65866449036025 293.52747108072816 0.8445457490009819 -0.5322446268842791 -0.05880590954304731 -0.18646472553731377 -0.39525217496590964 0.8994479553120416 0.501969505024623 0.7486597193234936 0.43305339242153845 
91 316.29830534859315 291.2788978544179 305.7287946206826 -0.8237227199812286 -0.24711665917912273 -0.5103079828327948 -0.26359591212557054 -0.6299446798109045 0.7305387706950436 0.5019940992655358 -0.7362764814484348 -0.4537608039137979 
92 295.1841688429731 297.25215282791817 313.8442980387639 0.036419106774786505 -0.006158045300138827 0.9993176307560114 -0.18331254878566175 -0.9830544855526244 0.00062281021938538 0.982379844112974 -0.18321014413221348 -0.03693081325427986 
93 285.852321363648 281.45149238292754 293.64645584658325 -0.9224685299838618 0.15991694325590014 0.3513949095378335 0.2452466310890331 0.9456719929667675 0.21344454000452148 0.29817092602883505 -0.2830742887970415 0.9115717447865286 
94 322.0764603528177 306.12933986225255 315.7667181299127 -0.1496613490001932 0.9664613338005356 0.20869588132958478 0.27594309390707866 -0.16185894433312287 0.9474476719399105 0.9494508357679354 0.19938448386936974 -0.24246430263383942 
95 302.4217758020329 320.93509126404996 300.86987872852495 0.40180768881444523 0.4081475412086258 -0.8197354242772159 0.21257550357936827 0.8291496032113744 0.517032485219641 -0.890708839345143 0.38200329854566906 -0.24639651664067205 
96 304.8116593568375 300.261377179507 298.8079472949792 0.8124483432669232 -0.3481292891507579 -0.4676897342878286 0.5136570140530725 0.8068944719968834 0.2916809609401209 -0.2758335756156459 0.47720782589586674 -0.8343791281347034 
97 307.20502363212745 310.69231607650363 286.7777776710961 0.23350004538480246 0.5000080265674963 0.8339482610890037 0.6382952554590362 -0.7258160665503351 0.256457022512317 0.7335236162958719 0.4724224919555477 -0.4886308355299908 
98 279.34223880482375 282.9351773945772 283.5732828046189 0.662952868344285 0.07943584004241812 0.7444349814932401 0.6803701220855516 0.35098926245434475 -0.6433529627001391 -0.3123939681353897 0.9330040112231623 0.1786435661145247 
99 283.3982540389688 298.6586086745014 307.38031716465684 0.8188947295218876 -0.5589930525556653 0.13014679848453392 -0.346565608129282 -0.30084217831882626 0.8884741206171198 0.45749721444316616 0.7726711790528247 0.4400858414421684 
100 290.40072698876 284.8876312184755 280.4288759377321 -0.21675389345279136 0.9259849246203682 0.309143444130499 0.89046804660904 0.05774981279447896 0.4513663889685221 0.4001054956400075 0.3731177809995305 -0.8370774837854916 
101 316.5815396471823 304.6867740993932 287.67444076605983 0.9405548402763177 -0.27726264405332157 -0.19616834261763905 0.32972230602601826 0.8839545441926793 0.33152309830537807 -0.08148492708271007 0.3764967330717145 -0.9228274034968033 
102 287.45845460480837 309.0811473871521 279.63821393092155 0.8291265381156754 -0.5475592903775455 0.11281847062229775 -0.31179870090190875 -0.2854057962220514 0.9062698834225592 0.4640374488208864 0.7865890636184157 0.4073657951862271 
103 315.01136007629873 311.370358053614 315.31616775481996 0.7203502872566699 0.5918539897932052 0.36166879657374046 -0.48616768237861485 0.05893463640176789 0.8718759620741918 -0.49470844773446176 0.8038877803512476 -0.3301938647856797 
104 302.2991428809177 313.80831809918845 299.3781416391429 -0.18517884157405587 -0.1579799032456799 0.9699232685134306 0.6276350832666528 -0.7784764880015089 -0.0069684920677477585 0.7561633414059108 0.6074674541070678 0.243311103968819 
105 289.7909603528177 295.9012055329391 317.5047891799166 -0.2954060588515999 -0.6274806529176514 0.7204188299925279 -0.7236259789038555 -0.3453903429902055 -0.5975541428394123 0.6237793704902442 -0.6978348953607498 -0.352030901722627 
106 294.69305721125534 282.0776913869474 321.85645227488027 0.34176393944744105 -0.5788137730908863 0.7403864030178146 0.4144031921155915 0.7999132412198512 0.434060826250838 -0.8434852719862823 0.15847215087026573 0.5132437757448005 
107 318.72126041426634 293.3892377166706 291.6022162608496 -0.44034879477820166 -0.5915693801963592 0.6753803427339892 0.4559376579476982 0.5006838856556691 0.7358236872443756 -0.7734428168924663 0.6319504055373617 0.04924321210695867 
108 316.2692235706788 285.0418689351461 284.5757688122488 0.7399189929795584 0.6407773757399506 0.20475409292109023 0.5952008645869601 -0.7654479180655436 0.2445923455958099 -0.31345783547880957 0.05910870890940828 0.9477607007615385 
109 319.2696248431779 284.9421450572241 302.1948129656656 0.9043040934355744 -0.40586737792102034 -0.13230940304898853 -0.4101430425794405 -0.9120039957581458 -0.005603244136685128 0.11839253025144528 -0.05933281773770538 0.9911926278579581 
110 320.24690236065237 309.71512655861943 320.7099193102389 -0.39806824400299706 0.11712810369386878 0.9098476138570947 0.6061274709680557 0.7780593037352621 0.16502487330359525 -0.68858635047047 0.6171747946862998 -0.380715262039339 
111 284.6838281998106 281.2501581150627 308.70967226105444 -0.5298129000023415 -0.11576067596671588 0.8401772175504629 0.40324485076012956 -0.9058868323719236 0.1294706038859911 -0.746117873614184 -0.40739233281308873 -0.5266304262369942 
112 311.05668657346956 314.82292366285174 319.76437065058764 0.06395513426299003 -0.9824499577919917 -0.1752193517734744 0.10092862698203822 0.1810462113356482 -0.978282005158292 0.9928359144677047 0.04488150839178605 0.11073616007228412 
113 298.39121641447116 301.6485495941829 308.0789141767161 -0.5152164487737092 -0.5036636866178555 0.6934514414834815 -0.07617081012877912 0.8328119646790205 0.5482902873221404 0.8536685648407897 -0.22966741664846343 0.46744289398031 
114 299.1075054407661 317.95920724838066 296.4353526128479 0.5119491018696204 0.8508622097218941 -0.11807462539455575 0.36522173677799585 -0.09118446149305943 0.9264439955912527 -0.7775096141397568 0.517415591231455 0.3574351771592302 
115 305.5356021455821 290.3350763371482 311.1538495020098 -0.44534495006181163 0.8833420621166913 -0.14620080967584925 0.2638408281215758 0.28550807475069667 0.9213431264563011 -0.8556026489384931 -0.37174176594455416 0.36021128047558143 
116 294.6654182220857 302.8342227897689 298.2364780833142 -0.7482041243462412 0.6631781724640494 -0.019629056995123188 0.6367563600254653 0.7260763862918732 0.2595272995976612 -0.18636503502104315 -0.18168046905646573 0.9655362659605428 
117 318.62672496607524 298.55199984637835 293.55457322631025 0.3899360152214398 0.6636842287874936 -0.638336234669453 0.1851188155166618 0.6225589405910936 0.7603626698042214 -0.9020426421045368 0.414660837249968 -0.11989771422434203 
118 283.2712450264998 289.8539065596437 303.90714847530535 0.4257998813003317 -0.8527988875458014 0.3023714908606088 -0.5139488890891784 0.04708053497026368 0.8565278528050989 -0.7446818115736555 -0.5201129498748877 -0.4182481546687577 
119 312.1268763985969 305.9934202447705 319.73370071946135 -0.7229124415863976 -0.0813715294549251 -0.6861313839154709 -0.6840480289316178 0.2241940401667252 0.6941291857201292 -0.09734421356384693 -0.9711414451808177 0.21773469530083855 
120 316.5775569040121 281.8047133036332 312.11309670481614 0.016295960271702725 0.742624410307322 0.6695098407749698 -0.902026040127456 -0.2779667865665111 0.33027789586629736 0.4313739266701271 -0.6092975059702683 0.6653368204207599 
121 315.7734643981871 294.3050677855442 321.720645057224 0.30616096323801617 -0.9396342751741624 0.1528165354505091 0.9502945380301455 0.29210836286341696 -0.10776360858530452 0.05661939225429717 0.17821372916579026 0.9823614971880649 
122 296.74375481987875 315.15322139437234 291.15276850500555 -0.9467039609891497 0.1246973435006097 0.2969885229623282 0.15429297134673273 0.9849179465694979 0.07829634422065843 0.2827459800606391 -0.11994670086840178 0.9516656449143969 
123 306.2888051949715 311.92183239880177 296.86735276646954 0.11681340795311715 -0.43229534322137253 0.8941338624341963 -0.34962100566390375 -0.8605672264373591 -0.37039060622601094 0.9295804323031651 -0.2693413911953129 -0.2516653231337884 
124 290.3068289807205 304.8497206134624 314.31664521084565 0.7238712887633111 -0.38660349232338515 -0.5714438704085516 0.5604959808988664 0.8124906091970544 0.1603223794821442 -0.4023115865847752 0.4363447601266263 -0.8048283280362825 
125 320.4142159536063 305.8947981923856 298.26459250582485 -0.9083464302523696 -0.3874412674867108 0.1574675423573629 0.32431411011591105 -0.4148235418123845 0.8501422158309476 0.2640589340043308 -0.8232925928286486 -0.5024561532770572 
126 310.5136694702614 294.9735925058248 283.7903602299204 0.02867736368594188 0.4325529499786217 0.9011523479838558 -0.8727434846952363 -0.42869064316412786 0.23354473315735974 0.48733604292524907 -0.7931722876704144 0.3652140513967683 
127 302.6161380546381 315.5900043526129 293.0062038302993 -0.2557081879321339 -0.9654359344710837 -0.05046562252078153 -0.8156929384958219 0.24347681979110003 -0.5247514347883799 0.5189011010900997 -0.09301878657752705 -0.8497582907104387 
128 294.36102674296546 297.0147204598408 280.56390314156243 -0.7016021606597382 -0.13047586214234422 -0.7005215610927323 -0.7124852326361634 0.1133898078328196 0.6924648328651993 0.010917940876289462 -0.9849460903409123 0.17251665916419065 
129 281.8117333640578 319.73406514837296 318.04900465985617 -0.8559156184665955 -0.32652705418543254 -0.40098445973619606 -0.4952017652399245 0.7408971042279922 0.45370330905762457 -0.14894182007820442 -0.5868999606675397 0.79584217681663 
130 295.8802699004019 283.0786288885475 296.4709667281153 0.4229255562123895 -0.48195097924641034 0.7673703326985393 -0.8509445980641503 -0.5023263514804561 0.15349764699751878 0.31149199817632733 -0.7179077170582305 -0.6225602339214724 
131 296.10147108072823 311.28018501164973 321.7559045369589 0.6289165976037578 -0.5733574673982312 -0.525095351186048 -0.2338061148937414 -0.7836016544356479 0.5755893916708419 0.7414840617955373 0.2392272178168683 0.6268745682820388 
132 314.58092692731145 301.6357238779221 308.59592148654536 0.570249435061796 -0.5361051553305254 0.6224201508946637 0.7693603085637694 0.6141140499823877 -0.17592228176354088 -0.28792411746562757 0.5791849411390683 0.7626562177936882 
133 292.2125911104284 310.7222837391505 314.2829238164734 -0.46220038507381256 -0.6806780105818897 0.5683733367672168 0.4955017283568163 0.33331084927432314 0.8021109118765543 -0.7354242593449202 0.6523659430613372 0.18322072781393411 
134 308.9748676933713 286.137094374888 311.71191635302256 -0.2447745519883354 0.5249246632105774 0.815192932165246 -0.838950101303095 -0.536145624813205 0.09333057653944161 0.48605364541626006 -0.6610612429623451 0.5716204044911655 
135 295.7307742530149 314.8846856389381 310.2728527664696 0.9614811428077262 0.014388651138188652 -0.2744940413625988 0.23900562861147157 -0.5369847656795551 0.8090263722030998 0.1357583202503047 0.8434692218133967 0.5197396947860713 
136 311.28994807588913 297.4721321530072 320.8476393092148 0.23867129316616256 0.7230396279010187 0.6482666968949955 -0.7156575633836052 -0.3202705745713833 0.6206939753498155 0.6564070884673878 -0.612078798479797 0.4410093861374096 
137 280.2815906367617 287.5274202447705 298.28629773152056 -0.8955059850227296 -0.25554821727408417 -0.36436813724104367 -0.16306716232470395 -0.5733730744868235 0.8029024959637978 0.41409918058339473 -0.7784204687067044 -0.47178749722581215 
138 285.55127440663654 293.9977767365646 304.0617846736821 -0.7384803280752228 0.3304852987748885 -0.5877297613185706 -0.4002568222683877 0.4865999129185266 0.7765404052432138 -0.5426244385148196 -0.8087026598456039 0.22706546783939263 
139 293.37069356325367 316.9824014261207 295.63789023734535 -0.476084123641704 -0.04982000518232418 0.8779873998526082 0.8158681001715014 0.34756608570770314 0.46212234223024806 -0.3281815813522338 0.9363310222082031 -0.12482414234309204 
140 305.20674735642774 287.64188790741736 306.78328156284397 -0.8371502021396423 0.3964475823241824 -0.3768406208556434 -0.5429318888523179 -0.5186919556646994 0.6604419877597001 -0.06636643070719699 -0.7574879336319746 -0.6494671102351127 
141 311.57000606805434 310.467193409632 306.3064312799242 0.07877030756182439 -0.8267286390247658 0.5570592392761062 0.1818115024700631 -0.5375098784465389 -0.8234243791277771 0.9801733602869412 0.1661411688554186 0.10796895755337046 
142 307.3213194945848 286.46142505824815 280.6270310955783 -0.9723857506708868 0.15264636501360684 -0.1765362261416863 0.23326228076400315 0.6596518608575461 -0.7144565283066225 -0.007393258076884938 0.73590659034643 0.6770427091548215 
143 310.2250063752977 300.41300746345087 299.83255503494894 0.13061877665840313 -0.04837308292367108 0.9902518770659927 -0.4989385945947037 -0.8663188477722685 0.02349325048585041 0.8567374241902386 -0.4971435394762643 -0.1372927061022805 
144 315.81960229920384 288.26201383874854 314.2808064367463 0.765170552736411 0.6386749016053581 0.08129203702971997 -0.4804907725758436 0.48243729896563825 0.7323816423397084 -0.42853546258685143 0.5994569397597491 -0.6760242116073579 
145 279.6676920142356 292.16403420641626 285.28314629899893 0.31227565120350126 -0.43849681406999313 0.8427362942913371 0.8574754131821849 -0.2517500856564388 -0.44872910554143547 0.40892521743403093 0.8627528257980043 0.2973848148848377 
146 303.417866605218 316.4127238779221 316.006248444581 -0.4192301128822667 0.38245054307444837 0.8233940093022182 0.8930218602079261 0.010303412923650154 0.44989531768279156 0.16357894009773483 0.9239185146884893 -0.34585619637692994 
147 314.33601819136146 292.89303762449754 299.9127957088359 0.33612929831933047 0.26394975149077327 -0.904072797676887 0.30030342817723643 0.8797832927877041 0.36850944188259876 -0.8926561184668789 0.39536298058820035 -0.21645592563859223 
148 301.3457798474026 281.4253281998105 286.9670458688584 -0.2806634496595488 0.19770575570549226 -0.9392233292386439 -0.15083572545659435 0.9573106228112106 0.24658660827140436 -0.9478800620074171 -0.21087628034876882 0.23886101070514348 
149 319.13671719538115 281.86517413011757 295.0670419771105 0.23355868351671558 0.8448884506874746 -0.48126276320618994 0.35842315002029923 -0.5349065423156545 -0.7651194916595949 -0.9038712225109641 0.006204585629157615 -0.4277596477388974 
150 310.6797590188699 311.54072387792206 311.25671190823675 -0.5804312869045369 0.812010411227529 -0.06114420038272172 -0.7966258627344188 -0.5817869425651195 -0.16404629920657526 -0.16878020027533755 -0.04650855317930717 0.9845558381707888 
151 287.0642106664619 300.7590118160638 298.3319993727118 -0.4305586376131113 0.8602958085192469 0.27296589790843223 0.3228210692396513 -0.13564059077220364 0.9366900167023966 -0.8428557509038599 -0.49141912048594794 0.21932038480065633 
152 309.81828047469094 281.9471652712703 299.8091676011983 0.5570191305691861 0.44374634940303925 0.7020105879339882 0.6010102110903784 0.3679876878781265 -0.7094869891232743 -0.5731635144921998 0.8171133574734825 -0.061719905163266475 
153 318.8048656706865 317.30839147912036 291.3169701461967 0.6371176757243782 -0.716534317872359 0.2840064058974009 0.7534531580231154 0.656644815445211 -0.033554806122509315 -0.16244816386942543 0.23536388350834728 0.9582350632257836 
154 286.4508815321198 297.95327192308685 287.45626352510436 0.4464830808791037 -0.08762781301842698 0.8904910021298987 0.804827756757411 -0.3955785774617976 -0.44245889188277615 0.39103086891132016 0.9142422848670415 -0.10609384581373796 
155 308.879678636352 282.0722440919681 305.0756459917556 0.6628242275767238 0.6594331566776052 0.3546998099964651 -0.7208150684163483 0.6901807968188989 0.06384437991213326 -0.20270589651329046 -0.29799056961024256 0.9327979094863509 
156 299.04936349438015 306.26195055943884 313.3219418542132 -0.18311172386626512 0.9106837714609332 -0.3703041519891664 -0.29300667929179314 -0.41010969654385854 -0.8636880934058895 -0.9384120536699859 -0.049649825764011016 0.34193232126911116 
157 287.2877465755178 308.8700750953736 316.9022879381418 -0.8535828833124467 0.20623109565206507 -0.47839836590665613 -0.43440022743858514 -0.7886609933738836 0.43509801186838876 0.28756339078073334 -0.5792085744502313 -0.7627743595363036 
158 283.7797021148578 311.5895656092379 292.03116993112644 -0.1464223011613325 0.8448471741282524 0.5145811520937457 0.6033492686548225 -0.3359560531817253 0.7232587298776619 0.7839197469998517 0.4163733693430271 -0.4605464662394271 
159 300.06295569296157 309.68409063676165 303.18582214455796 -0.8084036240386304 0.5794643271282435 0.10346339559003823 0.5879744598040496 0.7866494122096367 0.18833145485650918 -0.027741940439393098 -0.21308166475801477 0.9766404603970747 
160 297.24513665924167 294.04309141767163 295.3009109122565 -0.7380547685853456 0.6143404010417352 -0.27903589413606233 -0.5907221967325473 -0.38846360372110056 0.707208112843376 -0.32607122666053445 -0.6867910164175824 -0.649611926393134 
161 295.60822061346244 290.7927733184833 307.4623310034053 -0.05622577656637381 0.2526292944776748 0.9659281037537011 0.6864351194035792 -0.692751229222289 0.22113923500908117 0.7250141301374077 0.6754806984531241 -0.13446314408929136 
162 286.51788712650756 286.59926974678035 287.45969371687545 -0.29741500059562515 -0.7099501274670631 0.6383691204391118 0.43968136366155114 -0.6953524288905981 -0.5684762950947597 0.8474813365906194 0.11160562774988703 0.5189600832290772 
163 315.99603995442567 308.1686044755103 306.9477021148578 -0.17889770043591405 0.9730257883807164 0.14565860058653385 0.2291182034495067 -0.10277492092490612 0.9679577286622333 0.9568178832080907 0.20653844866020002 -0.2045517235278812 
164 305.48063091123237 280.9584382825103 279.5038294415855 -0.7308415176485485 0.1093435700462621 -0.6737318901244801 -0.41397762989479975 0.7137892864018064 0.564913600973356 -0.5426722749762095 -0.6917722445339498 0.47640105338318306 
165 289.1926879688661 286.29275466625705 292.9110721381571 0.7688868180958218 -0.26496457770744036 0.5818993328049108 -0.29830818823474237 0.6563108214033367 0.6930139468589235 0.5655309768620858 0.7064346242004234 -0.4255876360283762 
166 298.8554926901708 304.59858380059916 285.61475046726576 -0.47566693872796273 -0.8192581658651268 -0.32024525143158145 -0.1213893434794718 -0.29944896381319797 0.9463587825771074 0.8712092691717593 -0.48902594587047277 -0.04298876102772045 
167 295.630569808229 294.3625195867578 289.2649398315283 -0.06308423396812256 -0.15211731342334775 0.9863471510485131 -0.978198851181272 -0.18651092139928308 -0.09132734391424155 0.19785698615994043 -0.9706049655527493 -0.13703508263233777 
168 294.07820444478585 297.92318999155094 307.55805239777766 -0.4855977632760027 -0.6983862883333781 0.5257864629003595 0.8711430516841077 -0.3364855568233933 0.35761327373540136 -0.0728326561635856 0.6316914296689319 0.7717909962411958 
