1 306.0360085516041 286.7655587730752 311.5812829582406 0.682191686713568 0.5136548670905792 0.5203587032932729 -0.6197406092463871 0.02856284373269171 0.7842867723025928 -0.3879897934608757 0.8575213358698786 -0.33781811481642876 
2 311.08457944798636 302.1700875259237 311.9317342985892 0.922090717643695 0.22373493728076035 0.31573942781241265 -0.38642441171013325 0.4889032594503468 0.7820804158993526 -0.020612677405276707 0.843158514597819 -0.5372697988826335 
3 285.9839947128556 288.87563152571886 318.43376881224884 -0.8826486766015889 -0.26505614066121186 0.3881707819906693 0.4043575680820717 -0.0071499660944845354 0.9145730343278226 0.23963779090164367 -0.9642064718112151 -0.1134883645540302 
4 280.0201550042246 301.5604053178688 297.2057204598408 0.3755915789011198 0.2658092163343311 0.8878493263895021 -0.7785706165699463 -0.4291825264353881 0.4578538566141288 0.5027511918160574 -0.8632194503799533 0.04575390271075531 
5 297.188561256625 292.3410774253015 292.96664629899897 0.8123001248187914 -0.09844100946409268 -0.5748720508731195 0.3981077736802208 0.8139094934481467 0.4231566341325154 -0.4262378534982057 0.5725912190478214 -0.7003289142357125 
6 288.9397016539929 314.42266355582865 290.7618254090176 0.20819520953792423 0.2173820870640932 -0.9536245503074671 0.15001860781092902 0.9563553376238096 0.25075662605187504 -0.9665139274919583 0.19526775571534252 -0.16649724184491194 
7 292.236951647592 318.4153463911719 304.9046986967765 -0.7637025816874251 -0.39380980368354823 0.5115390554460988 0.5737923352915152 -0.7771968741695886 0.25831642367787977 -0.29583901481154967 -0.4907941088722931 -0.8195123061989877 
8 294.7182369357607 306.64160758634824 302.3288268044142 -0.2668816132820843 0.6957794928227501 0.6668321391919173 0.2184525833625241 -0.6302429584199866 0.745031732333773 -0.9386440610338895 -0.3445064741472158 -0.016205429845003064 
9 292.076542911642 303.52401694958655 315.75531825280996 -0.08830705781935243 0.8608102210636354 0.5012061720007693 0.6046045058076678 -0.3535603503279615 0.713756590325466 0.7916155980628192 0.366061254421093 -0.4892278640013269 
10 303.08334841385675 305.065916199401 291.5511881224877 -0.07242887949721438 -0.11978158913207078 0.9901547496829846 0.9940252164968925 -0.08994911368096303 0.06183062280387839 0.08165737188450597 0.9887171121473547 0.1255808335850281 
11 303.89378389277215 310.9694849194767 322.1517409811303 -0.599983336583227 0.35331042906942867 0.7177685814614863 0.5607375574430622 -0.45420311462588087 0.6922954010658583 -0.5706079104737778 -0.8178455058108025 -0.07439987318417814 
12 314.70228715723175 306.0467465755179 289.13034390762226 0.785103139046227 0.6192228031125394 0.013273325326008343 0.5824648952248701 -0.7454457299997796 0.32410694138783386 -0.21058895244157674 0.24672613102496055 0.9459273277472289 
13 308.47873242952613 316.655196981335 286.4232753411681 -0.07268991646416059 -0.15180119192409458 0.9857345353465392 0.16542868109856296 -0.9764936708145352 -0.13817909512348053 0.9835392862079396 0.15302453721406362 0.0960935143284829 
14 284.1601183142586 285.31560432188854 315.30579353252944 0.7885365538430537 -0.5759307571226825 -0.21567073573717574 -0.37057607463862346 -0.7248491437308833 0.580747011820151 0.4907988143412168 0.37801783269140654 0.7849962050918129 
15 305.7174249046266 297.4073644289117 279.6740461761017 0.8441315213261827 -0.4440191372401681 0.30048124811382365 0.16644550486243956 0.7498008970522781 0.6403862183797264 0.509644845568593 0.49055643971319823 -0.7068355613870008 
16 282.3278676933713 316.346581931536 306.1326924751005 0.27793571133017514 -0.4031743909788397 0.8718957224497843 -0.806969490672197 -0.5903827954464085 -0.01576058263957826 0.5211064972648535 -0.6992128183176604 -0.48943789514976227 
17 283.3594143303378 291.5927084901555 315.21985400824445 -0.16434501922143574 0.32824700243595056 0.9301852611436708 -0.5802176795599522 -0.7947830929225648 0.17795302619092052 0.7977080662643262 -0.5104642402717894 0.3210733567591282 
18 318.3330205212894 308.156315141972 306.4977482909594 -0.42922372504603423 -0.3471046683210098 0.8338377198756171 0.8917077817113764 -0.016062189314695878 0.45232647292613254 -0.14361137104346097 0.9376888371438473 0.316410206540239 
19 283.5327290114448 288.65263106485395 286.1397657014108 -0.4067592091074552 -0.776876435774179 0.4806349439492365 -0.859639856628469 0.5035427958879728 0.08639426835796804 -0.30913793475091383 -0.37803129003845004 -0.8726546172740993 
20 315.1308258698826 307.708009793379 298.80190951686006 -0.31947475393539726 0.8449215998958112 0.4290027641256173 0.8779120651418368 0.09351191330934493 0.4696018823936088 0.35665990449770874 0.5266526484303747 -0.7716415621420075 
21 286.3449463604476 304.3275055943877 312.3741309112323 0.47925330189130905 0.12106765416334825 0.8692864290564196 0.7217798560606101 -0.6178722798847367 -0.31187767655791376 0.49934968910716887 0.7769018399163544 -0.38350152427748835 
22 299.8263322451802 318.43900544076615 306.7195970120594 0.3000793699058734 0.9449402041697789 0.13053881530208009 -0.6611483824324248 0.10738020303191939 0.7425310151123736 0.6876301245319956 -0.309123765732105 0.6569682711483978 
23 300.5017322759046 281.2951340220704 298.5460687200758 -0.8703976581731668 -0.4209933046192834 0.2552891578434199 0.3626846405696986 -0.1975841311115261 0.9107251850189122 0.3329681188064351 -0.8852825247335668 -0.3246645703797466 
24 302.18870522569574 307.95699347108075 303.3898439076222 0.4329360696142639 -0.7618676659571639 0.4817925063717124 -0.7154715279825145 0.034693324634730634 0.6977799551951567 -0.5483309696463627 -0.6468029319621033 -0.5300746314736317 
25 302.51260649819494 286.3561072791049 303.7734065596436 0.986760068738759 -0.13064150149250106 0.09611121074289183 0.10062588713922159 0.9578904657095876 0.26892431377641174 0.12719668855801222 0.2556924985025072 -0.9583539787726775 
26 304.8732406738869 295.14244309598797 316.6055387126508 -0.48936722746089356 0.34669084294406755 0.8002032092574798 0.7502139807985866 0.6351940320143 0.18359609121044648 -0.44463321929605604 0.6901695451931716 -0.5709354597380302 
27 284.3391683821083 291.7038717387409 291.2547269887601 -0.5380495299679062 0.2474851670770651 0.8057628654747947 -0.7558072997037971 0.28155575913428704 -0.5911697558339484 -0.3731729210644466 -0.9270800648137965 0.03556015198329951 
28 307.72603777811923 312.09243874337517 289.6819678162686 -0.7554308081676749 0.6365616641783178 0.15528535594080997 0.3870552083341284 0.24230800809852507 0.8896488604571747 -0.5286894738620752 -0.732172163435524 0.42943144192942645 
29 313.2645125969737 296.96516790844163 297.1396009038073 0.2897322582556726 -0.5063876486719485 0.8121740994383924 0.9054388514412804 -0.13002333153648926 -0.4040722949632248 0.3102188015365323 0.8524467622841014 0.42083109752558684 
30 288.368376398597 307.2498184064317 300.1311592032158 -0.38709738893388806 -0.8912320428244377 0.23634943901677835 -0.20201863427257008 0.33208448399793494 0.9213622343543667 0.8996355278040187 -0.3089099242996107 0.30859451677240374 
31 288.37440919681495 281.36014925621527 284.06758286606754 0.3712995853816863 0.7739507452252271 0.512968675321119 0.40420105867714223 0.36264000238763583 -0.8397105053722819 -0.8359175330495623 0.5191266441183824 -0.17818362805465707 
32 282.3334258391582 300.59404073533557 313.239988337558 -0.8885726798685426 -0.41779207614039376 -0.18944227011291842 0.20384541769944192 -0.7295615960006929 0.6528299344575598 0.41095697861719627 -0.54146990567826 -0.7334335027598627 
33 310.2276190951686 292.61187609135374 313.0376054100418 0.06621618291419375 -0.6016992502049281 0.7959732592387142 0.585382076767429 -0.6225923048224477 -0.5193328857056178 0.8080490339822985 0.500336720897737 0.3109982707372731 
34 302.592930191771 322.72478202370894 294.06437826766006 0.2798319988454708 0.14398981869872388 0.9491896462421285 0.4149801475057425 0.873413016771355 -0.25483559270728434 -0.8657283232043763 0.46520601269273176 0.18465599409785935 
35 311.9130730726887 297.05940640602205 313.5496290421692 -0.058879523685096746 -0.9727335200028623 0.2243272180397589 0.6215939579663275 -0.2115619635184223 -0.7542297309255217 0.7811236477731112 0.09503175603487578 0.6171019463869454 
36 302.3501536088282 302.79214194638604 320.793657961441 0.20392650422708622 0.8577098257920117 0.47196168871377364 -0.6457314511740476 -0.2445065945723924 0.7233584299469179 0.7358293782109943 -0.45227246207396793 0.5039888354032982 
37 297.96365967688257 285.71446672811544 299.9810547277058 0.04510297948865928 -0.998803909635741 0.01888044855410449 0.2335153307825899 -0.007835001260387234 -0.9723215533169812 0.9713064972143156 0.04826347326507257 0.2328826434443932 
38 294.0604667281154 287.5418914791203 312.10887313413735 0.5964443135656342 0.7332511346433198 0.32649189018948593 -0.5309290408357353 0.0553505892093703 0.8456066850914921 -0.6019705428112441 0.6777013249348559 -0.4223178657943291 
39 303.1151773945772 313.6222182835344 303.6225716772922 -0.8090732749776296 -0.44134767317891554 -0.38808847843826816 -0.5723253691641239 0.7417738397376715 0.34959296688002817 -0.13358183831689116 -0.5049592083132957 0.8527438597911389 
40 298.05706219115655 296.17841184678815 308.0201301303224 -0.815191695797115 -0.41923845164571033 0.39962685065587267 0.2988858212879031 0.28651075197619974 0.910263069027349 0.49611466914059177 -0.8614816943288702 0.10825675683198803 
41 290.4747299459764 307.5703076785212 290.1587888726733 0.7132106642802031 -0.5743826051164059 -0.40176506978168514 0.6019239875380346 0.7955784300568091 -0.0688656289788665 -0.3591908428444388 0.19271633186639756 -0.9131496886319691 
42 279.8675332718847 288.0756514325217 290.7801075863482 0.6232632627801925 0.7558627110305673 0.20053545158427674 -0.5863429588815126 0.28201100063595425 0.7593890505468068 -0.5174406631089727 0.5908818474059206 -0.6189618748901364 
43 319.1752495327342 290.8077145582098 280.16923865120214 -0.26605538419701985 0.5277004563509614 0.8066887633448003 0.9249990582724075 -0.09574603101827918 0.3677083623463114 0.2712771179715217 0.8440171360293779 -0.4626486781066511 
44 318.9354376552219 303.8931377473949 301.6232128427684 -0.06621421170250205 0.16857035476659377 0.9834631226754164 0.4771638868160112 -0.8602705077080663 0.17958084164615848 0.8763163260417172 0.48116389002248555 -0.023473552163580973 
45 295.570721547994 314.8099323680775 297.7862602606448 -0.6822202814531836 0.5775333155954921 -0.4483645357866929 -0.5757859035398664 -0.04644168232869599 0.81628044410439 -0.4506063480009104 -0.8150450536748003 -0.3642189995339677 
46 296.0082781447628 279.8924514939703 300.78725590803185 -0.05019125678312102 -0.5833365172619371 0.8106783242268443 0.22660510328764824 -0.797183704819629 -0.5595965224463471 0.9726926363998675 0.15561699264143572 0.17219868377752018 
47 283.5038790485701 316.7961136544027 285.05427627569964 0.4400998368079807 -0.4261296112406729 0.7903959059012525 -0.6203980459400601 0.492055255244675 0.6107273453676793 -0.6491674654781646 -0.7591410805706474 -0.04781654059722036 
48 306.41555799216536 319.09371175461513 295.72944744860087 0.9948407793804557 -0.09981600197148782 -0.018127035944013322 -0.03695393362853718 -0.5229571694909045 0.851557517533278 0.09447873025747769 0.8464942791469351 0.5239477119908488 
49 289.73615920321595 317.8215872186804 315.02434110402754 -0.7651816193192174 0.08404858147611338 0.6383047277029003 0.4756219691251345 -0.5944084325052912 0.6484306885490018 -0.43391339221272096 -0.799758995772136 -0.41485505509755294 
50 321.1367590188699 279.95406576285944 320.62444091968155 0.5804860632531789 0.20124747026408374 0.789009116602041 -0.6806819778729973 0.6517234926073772 0.33455722108862984 -0.44688698276827493 -0.7312700902511657 0.5153019306545624 
51 291.6384511867271 282.00420631384907 304.19916790844155 0.11641302989522398 0.6395031426637983 0.759923507330665 0.6844299298610421 -0.6061030525446752 0.4052095270430296 0.7197247234749011 0.47294272403659415 -0.5082533838547689 
52 296.5154494712856 316.3021503443686 302.2230267429655 0.2551941288606723 -0.39450768984202716 0.8827455121667567 0.9655399676643266 0.05575245228128085 -0.2542129715561235 0.051073745092891226 0.9171997310946675 0.3951406405851672 
53 285.20938199298473 295.6837342985893 321.30800870522575 -0.5740351004326261 -0.8149322978086521 0.07980634974496344 0.7526536024868792 -0.4867453884036339 0.44338637950586424 -0.3224845083640843 0.31458588152698164 0.8927706676459899 
54 313.66239039096706 321.79678373915056 312.9775774253015 -0.2668972385798453 0.0176855363140821 0.9635627046766267 -0.9618799551607546 -0.06672717757717164 -0.26520640194484213 0.0596055022493746 -0.9976145075017041 0.034820662310357305 
55 318.8426001228973 308.6457504672658 290.35728700361017 -0.5882198876644363 -0.35577132363260255 0.7262397187132799 0.5257655417364976 -0.8505801875137042 0.009161862893478728 -0.6144655880344885 -0.38722100910184815 -0.6873804850529123 
56 281.5791826817216 305.53398694216145 301.7651644903603 -0.9077153832162422 -0.20940747426785614 -0.36359495705159006 -0.30605575945465563 -0.2623337860583756 0.9151561925687397 0.2870237885214835 -0.9419816847545582 -0.1740340495700164 
57 312.79774191566185 319.57547014619666 282.7640385590292 0.5649420642032355 -0.8128273478474103 0.1419583272835115 0.820547814315286 0.5715347328330422 0.007023787288206881 -0.08684324105072475 0.1125155622872151 0.9898477154224268 
58 309.2767730112401 310.4700878459688 317.4304841385668 -0.8214699455206671 0.1219545277144168 -0.5570585442987348 -0.4513526520056897 0.45798251133388856 0.7658542960901474 -0.3485224700556662 -0.8805561381776053 0.32117436912686465 
59 286.7347475100495 308.49839474358 309.3425757226618 0.23766665129233974 0.9525487645557859 0.19017206421220684 0.8258578941825537 -0.30122339853098046 0.47667935008116724 0.5113446014967238 0.04376431560864267 -0.8582606732219902 
60 294.68857446808505 294.51689334818343 302.57065733415266 0.3905006230413927 0.661946648456934 0.6397936370431614 0.8601674399991697 -0.5100048180759266 0.0026571986406593506 0.32805676120080174 0.549292017178452 -0.7685421532319925 
61 296.47267739457715 292.560012904217 316.50603466728114 0.4167489792619053 0.8593215425819611 0.2964570369188743 -0.8827078752283675 0.4604599603725998 -0.09382660552042196 -0.21713381886288163 -0.22258281907691188 0.9504261114667443 
62 279.52505488132743 295.91951725682986 312.4433720459841 -0.1733212788601364 -0.7213206695211076 0.6705641102951364 0.9418454003656547 -0.3204316381939204 -0.10124626933581256 0.28790098315974205 0.6140195900506611 0.7349101760961485 
63 287.53063635199834 313.5878171646569 286.4636686893515 0.47964590559096437 -0.6933862336912041 -0.5377316581505599 -0.4835107058939754 -0.7202483415003663 0.49745323785445533 -0.7322275619885785 0.021397604854057395 -0.6807238353185322 
64 283.7335432188852 292.3213434339555 309.12838728012906 0.9932264972099474 -0.07123796868614733 0.09179475506547276 -0.04352633018050237 0.504378581858493 0.8623848936196837 0.10773385642905654 0.8605390159544698 -0.4978614447806099 
65 285.810543692552 304.6643000614487 291.79478078193415 0.42315494349974514 -0.3852556936129659 0.8200719141212678 -0.25359241421120843 -0.9192841446723441 -0.3010108782229764 -0.8698452628176224 0.08058977536156692 0.48669755173096346 
66 319.3324322144559 302.40069667409176 314.12928062831253 0.0018446824663016122 0.0747389093115254 0.997201430294563 0.9736850569198966 -0.22738758831764316 0.015241214189945066 0.22789034002672462 0.9709320162163825 -0.07319161706434771 
67 307.2101523670533 279.25624393834653 281.8690926594465 0.1221925337226759 -0.9765816258618573 -0.17707996140570004 0.02611884318987522 -0.17519112383115815 0.9841879272584064 0.9921626836022686 0.12488554023499805 -0.004100135041346949 
68 310.94758317331093 321.89725481987875 293.50629026806985 -0.020802778485857203 0.44896811487325483 0.893305589501389 0.9991824517320618 -0.021643789352841482 0.03414636925290383 0.0346651490401263 0.8932856084196172 -0.4481508108130789 
69 284.16980317228666 296.63370942468697 315.7769689044217 0.9759063287083702 -0.21494140507610027 -0.03751039816987355 0.10308411814518285 0.30268410107327426 0.9474998678330745 0.19230315175051166 0.9285378437852577 -0.31754837503196875 
70 311.29495693473643 286.5650346672812 284.8298816857413 0.07963337422877098 -0.08142520010273252 0.993493061121803 -0.11442429045471769 -0.9908169136990366 -0.07203419522594982 0.9902351273626253 -0.10794341256485147 -0.08821911482767991 
71 279.78528467368204 290.0400699618507 312.8025194331362 0.047069672375947745 -0.8062924545707297 0.5896413517085862 0.6941343405467837 -0.3980805228618625 -0.5997577966076871 0.7183049235638739 0.43752071381859814 0.5409377614509471 
72 289.2948126584223 286.40433426786495 312.6890774253015 0.06717620122266353 -0.9731692183543964 0.2200659683749067 0.21304299381863087 -0.2014868727192723 -0.9560416951716083 0.9747307529641643 0.11110676203229061 0.1937917610648427 
73 297.2094452722944 290.68053762449756 287.32010976265457 -0.45197906728322795 0.3641316917990903 0.8143236664651934 0.6287544224329072 0.7776028961054033 0.0012697399538817958 -0.6327580888529534 0.5125835024618177 -0.580409643265111 
74 279.55043656706863 303.6187980387639 307.3551935632537 0.7629176634055873 -0.6357825269724829 -0.11720587553635224 0.15291678978376155 0.001314281466463293 0.9882381939929541 0.6281505347175852 0.7718671200800764 -0.09822451157069131 
75 301.18817226105443 296.7311773945773 294.1193182528101 -0.056510458107224194 -0.9926427961418989 0.10708336655197344 -0.04216063505983776 0.10953165189156021 0.9930887664681629 0.9975114279926135 -0.051605198396077495 0.04804013449854859 
76 318.21256125662495 297.6025065289193 286.6103762449753 -0.6389259665248741 -0.7599578985756079 -0.11932142176827013 0.7273396272921098 -0.647299641047189 0.2279917570237029 -0.2505008500401355 0.05888265527917557 0.9663240434949569 
77 323.0100018690633 318.9482408275087 309.5848656706865 0.12949862223332337 -0.38603342304185445 0.9133500441420364 -0.21806513612337866 -0.9096433411656234 -0.3535485656604105 0.9673043488205576 -0.15338574955853637 -0.201977990348461 
78 291.6185956166628 321.4025988811224 298.1644561538264 0.4557282150983967 -0.7521787786511308 -0.4759610056613068 0.8899931670116051 0.3760604216483917 0.25785794915473753 -0.014965180783512345 -0.5411151857197566 0.8408153180976129 
79 308.99774735642774 281.9894365670686 286.6680764907698 -0.4304332653004694 0.8611979302106435 0.2703059916533101 0.33837529463718696 -0.12367271439876103 0.9328489801100924 -0.8367970865759349 -0.4929941021088855 0.238175253088731 
80 296.9592930716645 308.5538653634432 298.1449020534091 0.019704794246203885 0.5139355767261545 0.8576024393965247 0.3077720052269046 -0.8192344245014881 0.48387121273157574 0.9512560716664703 0.2544114397720165 -0.17431782878066332 
81 298.38761178533946 290.388927861843 297.7114765214943 0.7415654410115932 0.02903789345892449 0.6702518164397242 -0.3874421442235723 0.8341531439071458 0.3925265817613697 0.5476945148316891 0.5507679486437941 -0.6298296477381704 
82 317.70218842973105 307.3260052871445 321.910203983921 0.08728764192403037 -0.9207096132989041 0.3803612434861428 -0.9924499371402984 -0.11339668805001939 -0.04673663883404821 0.08616257794170233 -0.3734099611931492 -0.9236563273448469 
83 321.4350806897612 294.8663300688737 289.64528606907857 -0.5862750040453517 0.7382865660717641 0.33348847954552435 0.7014568663880647 0.668568375534522 -0.24693033801492964 -0.40526520234121055 0.08915869891990055 -0.9098411082042007 
84 321.5672366285173 305.36725077450916 284.4695869114372 -0.40932761478516466 0.7034299274458541 0.5810656081268349 -0.7890191082506837 0.04688477938318862 -0.6125770680310237 -0.4581481753642416 -0.7092165780886053 0.5358284191555218 
85 293.0958118775124 295.0889631564125 280.06850108815325 -0.4870871937122596 0.36027470073919393 0.7955804206545056 -0.6941341765479436 0.3931389976046136 -0.603008684440405 -0.530022462419871 -0.8459573680568802 0.05858601164657507 
86 280.1495439997951 305.9928924136519 292.7873009959802 0.15066000776623137 -0.9747376856793581 0.16488785939640285 0.898015664628374 0.06519845238419426 -0.43510576632442566 0.413363554443226 0.21362491877858075 0.885152509986221 
87 290.40827301124006 284.7358289807205 308.128385731111 -0.938857562321035 -0.3420254841426954 0.039560660630968664 0.3246135941741608 -0.8409973914680454 0.43283877139331706 0.11477147794613199 -0.41921588202368504 -0.9006028825787559 
88 288.1704538238984 291.6589785441791 300.5590677855443 0.3640125678088123 0.3986076558296333 -0.8417878516533959 0.33777815518311277 0.7857678793694503 0.518145498515938 -0.8679866176147693 0.47294902100040337 -0.15138842484295992 
89 292.0930256548123 285.05385400824446 300.8406588959726 -0.9977444576438095 -0.044905633943746394 0.04989470193488423 0.003145478912519939 0.7111983319490611 0.7029843800507121 0.06705298802791335 -0.7015557117385497 0.7094529442630748 
90 296.70999253654924 299.06541837570734 293.7874569347365 0.7818138901700535 -0.30906966306779815 -0.5415191450986061 0.06026552419792166 -0.8269746493320683 0.5589999963821578 0.6205925456612552 0.46966889691915875 0.6279140224078642 
91 315.61820755562377 291.5185991883657 304.4558644289116 -0.9173166610424989 0.39635242996579656 -0.03788000308935586 0.34001408626973484 0.8293076533442261 0.4434402296170815 -0.2071727890240261 -0.3938953761659382 0.8955031368583252 
92 296.2703777939934 298.83072357067874 314.24737313413726 0.17196779604620488 -0.5940354722477825 0.7858428181477292 -0.045273290697270825 0.7921181681219948 0.6086864027399461 0.9840616882454328 0.1402521495108459 -0.1093248749605323 
93 283.6860957702845 320.79743127992435 293.13368159356844 -0.9735422939677344 -0.13802067526591205 0.18211451083091387 -0.10183043414334675 0.9755113198744713 0.19495698879225803 0.2045628620698744 -0.17125407439214163 0.9637562334251708 
94 280.83067537189237 305.52720071946135 314.7307893335382 -0.896691516988584 -0.41287112365631007 -0.1596300680056489 -0.4088666900849895 0.6343266552695276 0.6560927709962356 0.16962415246552728 -0.6535802396533698 0.7376045805409531 
95 301.1174931638375 319.6367518626623 301.26808053613956 -0.021522081982420546 0.1428387176322535 0.9895119507779152 -0.996932107684826 -0.0775654694926678 -0.010486687249674158 0.07525405407174023 -0.9867019300110623 0.1440698742215464 
96 302.739836597793 299.4462159536063 299.2117506208875 0.13260330425155403 0.6093183638146149 0.7817592309783431 -0.9023080109983882 -0.25220082327312554 0.3496212207925744 0.41019095186230325 -0.7517485458972559 0.5163501784173787 
97 307.54443127992437 310.8768020841336 284.3904740379447 -0.7834521422418638 0.5360641856332442 -0.31438500234267064 -0.6213114300239875 -0.6648882271936408 0.4146031262072747 -0.01322300034741336 -0.5201527027908822 -0.8539709117066884 
98 321.2749160457793 282.01160121105056 282.7301546969813 -0.8752278096762047 -0.4836488596159012 0.007749952363161909 0.35494980125221337 -0.6312800206182977 0.689562306219805 0.32861363294971124 -0.6062749509590507 -0.7241848963346261 
99 282.66554430703854 297.7042566889418 308.82711069718624 -0.36970252264108394 0.900416115794924 0.22928336871565919 0.7267127047011286 0.12644660890567583 0.6752035988664643 0.5789720974095307 0.41624761081961315 -0.7010914611576526 
100 290.43635572368595 286.291512904217 280.2769508666821 -0.9052024515491628 -0.4069743306801348 -0.1223945091776662 0.20474495794028577 -0.6699993477320741 0.7135687606927771 0.3724084100922198 -0.6208645328942962 -0.6898109943212939 
101 319.6135065289193 303.9031117853394 289.39470429116426 -0.8693810908976601 -0.49335246311834935 0.027926079650610787 0.2775155319962508 -0.4407133724487345 0.8536725677012826 0.40885406722990075 -0.7499167090283565 -0.520060843776617 
102 287.9316820544333 309.264297577899 279.67580130322364 -0.5098479362275651 -0.8160520929374251 0.27223898239771044 -0.11242661880492126 0.37695227002096154 0.9193841642698318 0.852886473868935 -0.4381392104554115 0.2839343145041173 
103 312.27253342550637 311.0813137465755 314.0323106357375 0.03642882505520656 0.8206121728548683 0.5703232438429182 0.9617933702452235 -0.18374825645457807 0.20295342126270566 0.27134194968237324 0.5411397601473339 -0.7959530804829228 
104 302.95031623012517 315.58817071203623 299.4793622526052 -0.6461328302092627 0.33795918821573806 0.684321527373155 -0.7307815787355071 -0.01530896103595691 -0.6824396822378073 -0.2201605094166733 -0.941036249467872 0.25686597143419354 
105 287.7225601684718 293.4475517704894 318.2960032644596 0.45645814831225817 0.8569496667178925 -0.2393391475530853 0.45024926833573337 0.009539039936540601 0.8928519491383919 -0.7674122459294528 0.515311823490575 0.3814867879341715 
106 293.58931390019717 282.0576590495942 321.1258816857414 0.17589277729593247 -0.9300534417178822 -0.32258692850741094 -0.02839286383050403 -0.3323526639249439 0.9427277189440734 0.9839997846435872 0.15665982998432085 0.08486531382524748 
107 316.6365276774971 294.0064000307243 290.65782913434214 0.38025950867918656 -0.8946091354355593 0.2346853230483419 -0.2100877857862757 0.16356429468873893 0.963903441101024 0.9007029634249486 0.41583796880301566 0.12574957407203366 
108 316.322716107228 285.58459250582496 284.18450870522577 0.8471429393616827 -0.5243778684773157 0.08588766698912836 0.1964501970970938 0.4592612150557085 0.8663062139948364 0.49371668024299337 0.7170125434026526 -0.492074031272833 
109 318.23605799216534 284.37968718795605 298.6645957702844 -0.7294114192540135 -0.13720449325960976 -0.6701745358421337 -0.5300953296441243 0.732597231587756 0.426966319233078 -0.4323863121692618 -0.6666905003817953 0.6070962475170942 
110 321.280997670072 310.9863055022147 317.7480772716799 -0.6553252673001622 -0.29130842204503954 0.6969133355616034 0.28375240594676737 0.760122731393214 0.5845494036766616 0.700023832563859 -0.5808208299165503 0.41546816650335106 
111 284.3953009959803 280.37698849117965 305.88654632972333 0.6785613502599945 -0.13504278559128025 0.7220235037677656 -0.5967045277034764 -0.6745748255340746 0.43461766113889555 -0.428366899458278 0.7257494407958035 0.5383210460618085 
112 309.97722465883203 316.83170770924556 315.88865904959425 -0.211697654141044 -0.30573704193323287 0.9282828041179559 0.9748778599741401 -0.13336987397715944 0.17839740706511842 0.06926226507572855 0.9427286661098373 0.32629036260874517 
113 297.5777355403642 301.3345031108381 308.26227954015934 -0.56453258111212 0.6858440822927981 0.459261210692605 0.6293763345695441 0.71765750017701 -0.2980824414880722 -0.5340303309239053 0.12077088731821871 -0.8367950755290535 
114 300.45838945643544 317.6058008423585 294.90022979235476 -0.9927339232872033 -0.03403916236021528 -0.11541530652652587 -0.11406357781094309 -0.0392940758980063 0.9926960641688315 0.03832568031703477 -0.9986477412106517 -0.03512593348367932 
115 305.22840003072434 292.4048686279028 311.05443003814935 0.48846009253348066 0.7732026087369251 0.4044310371924946 -0.7822977958362899 0.593359435273936 -0.18956460429383504 -0.3865448183999674 -0.2237907648090339 0.8947071012092861 
116 294.32830021507027 303.69937842128166 296.5957084901554 -0.4867058892923756 -0.8392117325306931 0.24257173229984963 -0.20984523246781803 0.3818663795258096 0.9000794668241121 0.8479872379574133 -0.3871714557798533 0.3619611969405926 
117 318.67952596205555 299.0361795708837 291.8998140538189 -0.8470296120229988 -0.44960339056234755 -0.2835447540530588 -0.06075953656894755 -0.4480421989061602 0.8919453272007537 0.5280616583999402 -0.772732152297401 -0.35218731625902044 
118 282.27768065903683 288.8595901758968 304.4200172568298 -0.006152844921613822 0.8615866729316736 0.5075731942546807 -0.4806052876578198 -0.4476635107611225 0.7540662693744963 0.876915446308659 -0.23930270821608798 0.41683751494524934 
119 311.5593829275162 305.93954415341676 319.3698431267122 0.3878972889692901 0.6500325786557889 0.653447273998737 -0.748380527007452 0.6359553832651965 -0.18838083047928605 -0.5380169885852341 -0.4159548018500594 0.733157092860428 
120 318.930652520675 280.72543423714063 310.1239120004097 0.1734021772016279 -0.9814564384086012 0.08170033321865282 0.7823335974007966 0.08687901836365182 -0.6167707666111426 0.5982355951626943 0.170866309360482 0.7828913570897721 
121 316.31689256727356 294.64536349438004 315.64909546304125 -0.534883929883918 -0.058387803513305934 0.8429057159331805 -0.816738990483126 0.29125542579910974 -0.4981041039453336 -0.21641765865229048 -0.9548618441133099 -0.2034754424494265 
122 298.58013977007965 313.77565485060296 288.43202472028065 0.7256880459238042 -0.4500429862587252 0.5204211472669225 -0.281049887871592 0.4965129717014364 0.8212708624196857 0.6280030418164043 0.7422507524088728 -0.23382899738442536 
123 305.29410308011376 311.91827301124005 294.5542756484113 -0.3971677326924119 -0.8763220397601412 -0.2726123158233948 0.9173778685100876 -0.3706756343837465 -0.14497386123744976 0.02599304668284655 -0.307667444987007 0.9511388462360846 
124 292.22038168574136 308.5452374094272 310.68138495020094 0.3909171638519924 -0.6040043136834377 0.6945232609911017 0.48139381242984186 0.7773043968661147 0.40504058064207304 -0.784502242418832 0.17600188540014908 0.5946255695607253 
125 318.5765149269017 304.8900631256881 295.5583432803339 0.7306137284584888 -0.11988039201456659 0.6721847003602651 -0.24951077465616117 0.8695043526722618 0.42627051741174127 0.6355689994945222 0.4791564173570307 -0.6053603675391273 
126 310.7939804132422 293.80010012289733 282.0756257777096 0.14650526407841705 -0.3035062659360398 0.941498886953604 0.1304397438501185 -0.9375304804857405 -0.3225245283455076 0.9805721191333296 0.17006041484642528 -0.09776387103952573 
127 304.0015172568299 316.15017739457716 291.42010976265465 -0.8235882540524544 -0.5615422489614101 -0.07982913264085612 0.15572950149562545 -0.35921325480546806 0.9201707232551934 0.5453904199293882 -0.7454100483649404 -0.3832925118572277 
128 294.84761613795234 298.874946206826 284.4336979158667 0.6462790589759455 0.009774933355723462 0.7630385498826763 0.7619936534871478 0.045585719085383246 -0.6459780292399867 -0.0410980531713518 0.9989126052329901 0.0220126584529226 
129 283.16258177791434 318.76571284276827 315.89602036766775 -0.12014395027344987 0.5892256807113534 0.7989859375501757 0.9346704963706333 -0.20411917112644548 0.2910780431309223 0.33459900541837406 0.781759848782793 -0.5262081759191315 
130 294.52105270502096 283.02351834498296 295.2549076477969 -0.4986837196333037 -0.09542044288230828 -0.861515807662771 -0.4846526030090058 0.8547305707113828 0.18586959376936468 -0.7186281390046507 -0.5102260191048059 0.472485986309832 
131 297.41620429116426 311.7325345136596 321.14341075863484 0.08805830560621239 0.7764682993702212 0.6239733286662814 0.6073626942577616 -0.5383477384511397 0.5842022510470974 0.7895291587001173 0.3275342616851941 -0.5190038679861835 
132 314.44922372430045 303.72422916506645 307.88519107970404 -0.8819622852384635 0.1585614767246537 0.4438477053177634 0.3488263074906551 0.8528895180851106 0.3884580764290824 0.3169585692474358 -0.49743112894092717 0.8075268028624022 
133 293.19120646747075 314.2330859769056 312.5167981923855 0.7006140176341354 -0.6775586502959342 0.22372812452552168 -0.7023180368291475 -0.7102112694058401 0.048469866447073996 -0.12605305803115502 0.19108696506590517 0.9734456319399125 
134 311.25062919579085 287.0772580843383 313.4841689965948 -0.9099896533606999 -0.3977602881877156 0.11707084998964828 -0.09791655918601476 0.48051690673386876 0.871502065275858 0.40290343534604534 -0.7815946874715438 0.4762127321928877 
135 296.1927066210923 314.27800341808137 308.4180977929694 -0.7875727459209122 0.4952158727684324 0.36672934057802625 0.5096464308950688 0.18891948434028527 0.8393866474471217 -0.34639527329124115 -0.8479803463493715 0.4011728391188595 
136 311.2582322759045 297.7234861612516 320.5432148654531 0.9098191079881647 0.1840515382671208 0.37195997365459477 -0.40453831437318927 0.19329774382866693 0.8938594601137505 -0.09261718492655086 0.9637224774240007 -0.2503218799146963 
137 321.727288245385 287.3676742837392 296.22694309598796 0.11410064029803944 0.32699680895936856 0.9381120033418012 -0.7956328824384808 -0.5354018867596873 0.2833957233918708 0.5949364338029837 -0.7787283907657139 0.19907971556446885 
138 284.1944975164504 294.58129757789897 304.06871937168756 0.459053960473323 -0.6115058472222498 0.6444610618080469 -0.6273319832639955 0.29053140360814517 0.7225275678419081 -0.6290660093724848 -0.7359701776094479 -0.25024758444727135 
139 291.65306203753494 315.7047157999846 295.05581390019717 -0.23243157368139372 -0.4729522895768515 0.849877459013948 0.3917701702128114 -0.8453123805248564 -0.3632672749682049 0.8902200274580526 0.2485218523901146 0.3817658858478192 
140 303.6465419771104 289.6634148040044 306.798141946386 0.40296674454421677 -0.741754545014446 0.5361137917847743 -0.8871444564998497 -0.4605400163896318 0.029624425824378024 0.22492780195659176 -0.4875480368684184 -0.8436257438300041 
141 310.31977845200606 312.00520957830867 304.2570699618507 -0.7985330310751706 0.18743153784345004 -0.5720265875844757 -0.29486543421798145 -0.9502645465528403 0.10025800351177011 0.5247850740878052 -0.24873019556612488 -0.8140847104744652 
142 307.46840873595 285.7830401080472 280.1592535781038 0.4341292942904847 -0.3261014464172284 0.83975568023291 -0.21946816033990219 0.8658084069929749 0.4496771385975789 0.8737078930831886 0.3795176531136313 -0.3043039081892585 
143 310.7675390198941 300.69790003072444 298.55404959418297 0.5171705564574652 -0.2972043020557198 0.8026233353030849 0.5386634242513411 0.841777647912194 -0.03538512186264136 -0.665113772904528 0.4506439773424093 0.59543570163177 
144 317.005252336329 286.8043148347288 313.6583942827151 0.40902351483039895 -0.8904922937829645 0.1993068965915153 0.8287178613378756 0.27105798914122636 -0.48964709007844853 0.38200323377603723 0.3654463589035735 0.848835960683082 
145 321.4435783598331 291.1815314028216 284.9314619146376 -0.4802774354200145 0.6696954069654141 0.5664288542401438 -0.37596769542413694 -0.740633705736206 0.5568752157574606 -0.7924530755974365 -0.054495649522559156 -0.607493495569523 
146 302.2616721074328 318.48817754819885 311.63102347850577 0.32822566007554144 -0.8785945228308878 -0.34689995750870256 0.12715127002463433 -0.32280848354624886 0.9378844478301652 0.9360023881374971 0.35194651213236405 -0.0057603818246828266 
147 313.1736750646493 291.16373880482377 296.87810183833886 0.1368800539252088 -0.9844055995014398 0.11049645472884023 0.9849960173863163 0.12342270035763346 -0.12062206584835847 0.10510326622197685 0.12534932272110857 0.9865297008822551 
148 301.01113572471 281.8815419771104 286.7252695931587 0.9968908951154526 -0.07537660734127861 -0.0229545268221798 -0.0712306186052693 -0.9866523704142008 0.14643530629308374 0.03368593488419391 0.14434495842168224 0.9889538870792818 
149 318.09784810661347 281.33917739457723 292.79932695803575 0.3045626665547273 0.38152754297226255 0.8727418381713017 -0.18645511080104588 -0.8746634676339109 0.4474352579343657 -0.9340642771229631 0.29899925140403105 0.19525207774204434 
150 312.51161504979905 316.4642019612362 309.6806256240879 -0.4761180043993596 0.4660442119497887 0.7457308082645318 0.6622912870122984 0.7479198116178675 -0.044566877129625135 -0.5785169807657877 0.47267192416896997 -0.6647551090951018 
151 288.26775373172546 301.86805503494895 298.9278250889725 -0.4619453266686724 -0.7120892622625256 0.528711072079435 -0.8853290522723378 0.40579044517419566 -0.22699467792856393 -0.05290542856396962 -0.5729424030177379 -0.8178863114472099 
152 307.98959888112245 280.70272559336354 297.6851117853394 -0.8246788747850798 -0.14249647443040028 -0.5473568381395457 -0.21723685721487693 -0.8137169459468896 0.539140871893673 0.5222192081402377 -0.5635241668764283 -0.640099689107572 
153 320.5304514939704 313.01655503494896 290.356160291369 0.6698115341821451 -0.6934257602218223 -0.2655432615174956 0.23434229861475378 -0.1419298563602289 0.9617378036416778 0.7045822845889007 0.7064110920238674 -0.06743273173416854 
154 291.08624859820276 298.0773055022148 288.10062142509673 0.7848870026825107 -0.5309243922927129 0.3194865923457167 -0.5332394552428518 -0.8413584351741199 -0.08815705833149778 -0.3156074720160672 0.10116952718070839 0.9434811340867707 
155 308.5499065596437 282.7094441841412 302.2450018690632 -0.6128943904086742 0.271406933253572 -0.7420907914719536 -0.23907408173667707 -0.9588354646755287 -0.15322576520359646 0.7531295039017816 -0.0835034625770403 -0.6525512409690913 
156 301.3201881224877 305.88861287349266 314.61524502649974 0.06583332950681613 0.07565239470457101 0.9949586362766598 0.25710129253168496 -0.9647405740290365 0.05634314688284695 0.964139459883571 0.25209589444810243 -0.08296241256031085 
157 288.4902793865376 308.6360234785058 315.3297235706788 0.08495594481310494 -0.7440039712852976 0.6627522751018051 0.0257808117666043 0.6665757078306946 0.7449913928862959 0.9960511217731586 0.046205156007997905 -0.0758105953855332 
158 285.0775645210846 309.7358938090483 291.14254306526357 0.7105357730588432 0.4101544557244372 0.571762396151638 -0.6399056785365401 0.038667568251065064 0.7674799943596181 -0.29267667788937785 0.9111959951705997 -0.28993485579470757 
159 297.3316268658627 310.6202611951763 303.6653387740994 0.48179694787397165 -0.6541650090208132 -0.5830436021363454 -0.2772067901056109 -0.744970331038506 0.6067747534231486 0.8312809973400518 0.1307185788064256 0.5402634141010819 
160 297.6035934403564 295.2790356018127 298.4441494098369 -0.04304348435850235 0.12390997488759424 0.9913594588128138 -0.998843833381737 -0.02659855446032221 -0.04004389361560996 0.021406890702676522 -0.9919369108083321 0.12491160877383106 
161 295.3232571498067 291.8147229433904 307.41710012289735 -0.7297167814736534 0.5510286435025437 -0.4048220014716085 -0.5771334720712528 -0.1788941792779718 0.7968148015915878 -0.366647479536832 -0.8150854597281242 -0.4485591589624278 
162 289.0299528893668 287.0682451801214 288.32092988452774 -0.058406813038771536 0.8657399492583536 0.4970744254624222 0.5981239861699765 -0.3683100911011082 0.71175513623804 0.7992723824571892 0.33888348595237555 -0.49630801080576437 
163 313.3514757533861 306.8018844893362 304.28481250480075 0.6630947972854633 -0.31933596258530644 -0.677000615075545 0.21071353350383454 -0.7882265080824543 0.5781857649185674 0.7182653385840628 0.5260451643688554 0.4553804875407656 
164 304.2579578692681 281.462646298999 320.16477642932136 -0.10745535410747509 -0.7427263177348992 0.6609167601276236 -0.15604005343422486 -0.6439281775807455 -0.7490046754472126 0.9818884094426829 -0.18361404919422386 -0.04670152396463862 
165 289.91870677471394 290.6202451801214 292.71016308216207 -0.8283726568685951 -0.1647005696877256 0.5354180270564333 -0.14025451282615825 0.9863373593428909 0.08641345494996677 0.5423351482103671 0.0035122512770445636 0.8401548970913674 
166 298.45844216145633 303.33081109660236 285.3649011188776 -0.7688186026235605 0.6209462264781601 0.1527865834505413 0.6393381775647118 0.7416068401676104 0.20314031929886647 -0.012831639341438862 -0.25386035223946646 0.9671557633559681 
167 297.73426663594245 296.10297108072825 289.20663106485404 0.9215205830300743 -0.133882274478059 0.36452071495663135 -0.3283462621727997 0.23255166451672069 0.9154826352518401 0.20733679646667347 0.9633251060317509 -0.17034140107399892 
168 291.90869837673154 298.2185209949562 306.73265702690946 -0.45825703092766135 -0.6271706460646391 -0.6298074898889561 -0.28978884842816294 -0.5644426161547176 0.7729339922626622 0.8402516985594531 -0.5367136236237039 -0.07691273811708385 
